    0.0000000000e+00     0.0000000000e+00     0.0000000000e+00     0.0000000000e+00     1.5063265716e-04     3.0126531432e-02     4.0168708576e-04     0.0000000000e+00     0.0000000000e+00     0.0000000000e+00     0.0000000000e+00     0.0000000000e+00     0.0000000000e+00     1.5063265716e-04     0.0000000000e+00     1.5063265716e-04 
    0.0000000000e+00     0.0000000000e+00     0.0000000000e+00     0.0000000000e+00     6.5552277942e-04     4.9885283514e-01     6.8829891839e-03     0.0000000000e+00     0.0000000000e+00     1.6388069485e-03     0.0000000000e+00     0.0000000000e+00     0.0000000000e+00     3.2776138971e-04     0.0000000000e+00     0.0000000000e+00 
    0.0000000000e+00     0.0000000000e+00     0.0000000000e+00     0.0000000000e+00     0.0000000000e+00     0.0000000000e+00     0.0000000000e+00     0.0000000000e+00     0.0000000000e+00     0.0000000000e+00     0.0000000000e+00     0.0000000000e+00     0.0000000000e+00     0.0000000000e+00     9.3457943925e-03     0.0000000000e+00 
    0.0000000000e+00     0.0000000000e+00     0.0000000000e+00     9.7276264591e-04     0.0000000000e+00     0.0000000000e+00     1.4591439689e-03     0.0000000000e+00     0.0000000000e+00     0.0000000000e+00     0.0000000000e+00     0.0000000000e+00     0.0000000000e+00     1.8968871595e-02     0.0000000000e+00     0.0000000000e+00 
    0.0000000000e+00     0.0000000000e+00     3.5688793719e-04     1.9827107622e-04     4.3223094615e-03     3.9654215243e-04     1.0706638116e-03     0.0000000000e+00     0.0000000000e+00     1.5861686097e-04     0.0000000000e+00     0.0000000000e+00     0.0000000000e+00     7.0584503133e-03     5.3215956856e-02     7.2567213895e-03 
    0.0000000000e+00     0.0000000000e+00     0.0000000000e+00     0.0000000000e+00     2.4812566940e-01     0.0000000000e+00     1.7493752231e-02     0.0000000000e+00     0.0000000000e+00     7.1403070332e-04     0.0000000000e+00     0.0000000000e+00     0.0000000000e+00     0.0000000000e+00     1.1781506605e-02     6.3548732596e-02 
    0.0000000000e+00     0.0000000000e+00     0.0000000000e+00     0.0000000000e+00     0.0000000000e+00     2.6385224274e-03     0.0000000000e+00     0.0000000000e+00     0.0000000000e+00     0.0000000000e+00     0.0000000000e+00     0.0000000000e+00     0.0000000000e+00     0.0000000000e+00     0.0000000000e+00     0.0000000000e+00 
    0.0000000000e+00     0.0000000000e+00     0.0000000000e+00     0.0000000000e+00     0.0000000000e+00     6.6666666667e-01     0.0000000000e+00     0.0000000000e+00     0.0000000000e+00     0.0000000000e+00     0.0000000000e+00     0.0000000000e+00     0.0000000000e+00     0.0000000000e+00     0.0000000000e+00     0.0000000000e+00 
    0.0000000000e+00     0.0000000000e+00     0.0000000000e+00     0.0000000000e+00     5.3763440860e-03     0.0000000000e+00     2.5268817204e-01     0.0000000000e+00     0.0000000000e+00     0.0000000000e+00     0.0000000000e+00     0.0000000000e+00     0.0000000000e+00     0.0000000000e+00     0.0000000000e+00     3.7634408602e-02 
    0.0000000000e+00     0.0000000000e+00     0.0000000000e+00     0.0000000000e+00     0.0000000000e+00     0.0000000000e+00     0.0000000000e+00     0.0000000000e+00     0.0000000000e+00     1.6638935108e-03     0.0000000000e+00     0.0000000000e+00     0.0000000000e+00     0.0000000000e+00     0.0000000000e+00     0.0000000000e+00 
    0.0000000000e+00     0.0000000000e+00     0.0000000000e+00     7.4074074074e-03     0.0000000000e+00     0.0000000000e+00     0.0000000000e+00     0.0000000000e+00     0.0000000000e+00     0.0000000000e+00     0.0000000000e+00     0.0000000000e+00     0.0000000000e+00     0.0000000000e+00     0.0000000000e+00     0.0000000000e+00 
    0.0000000000e+00     0.0000000000e+00     2.9258777633e-03     1.1378413524e-02     0.0000000000e+00     0.0000000000e+00     0.0000000000e+00     0.0000000000e+00     0.0000000000e+00     1.3003901170e-03     0.0000000000e+00     0.0000000000e+00     0.0000000000e+00     0.0000000000e+00     0.0000000000e+00     0.0000000000e+00 
    0.0000000000e+00     0.0000000000e+00     0.0000000000e+00     0.0000000000e+00     0.0000000000e+00     2.0221169036e-01     0.0000000000e+00     0.0000000000e+00     0.0000000000e+00     3.1595576619e-03     0.0000000000e+00     0.0000000000e+00     1.5797788310e-03     0.0000000000e+00     0.0000000000e+00     0.0000000000e+00 
    0.0000000000e+00     0.0000000000e+00     0.0000000000e+00     3.6101083032e-03     5.7761732852e-02     0.0000000000e+00     0.0000000000e+00     0.0000000000e+00     0.0000000000e+00     0.0000000000e+00     0.0000000000e+00     0.0000000000e+00     0.0000000000e+00     5.4151624549e-03     6.2815884477e-01     2.8880866426e-02 
    0.0000000000e+00     0.0000000000e+00     0.0000000000e+00     0.0000000000e+00     0.0000000000e+00     9.6774193548e-02     0.0000000000e+00     0.0000000000e+00     0.0000000000e+00     0.0000000000e+00     0.0000000000e+00     0.0000000000e+00     0.0000000000e+00     0.0000000000e+00     0.0000000000e+00     0.0000000000e+00 
    0.0000000000e+00     0.0000000000e+00     0.0000000000e+00     0.0000000000e+00     0.0000000000e+00     5.0000000000e-01     0.0000000000e+00     0.0000000000e+00     0.0000000000e+00     0.0000000000e+00     0.0000000000e+00     0.0000000000e+00     0.0000000000e+00     0.0000000000e+00     0.0000000000e+00     0.0000000000e+00 
    0.0000000000e+00     0.0000000000e+00     0.0000000000e+00     0.0000000000e+00     0.0000000000e+00     1.5049226442e-01     0.0000000000e+00     0.0000000000e+00     0.0000000000e+00     1.4064697609e-03     0.0000000000e+00     0.0000000000e+00     0.0000000000e+00     0.0000000000e+00     0.0000000000e+00     1.4064697609e-03 
    0.0000000000e+00     0.0000000000e+00     0.0000000000e+00     0.0000000000e+00     0.0000000000e+00     6.2288135593e-01     0.0000000000e+00     0.0000000000e+00     0.0000000000e+00     4.2372881356e-03     0.0000000000e+00     0.0000000000e+00     0.0000000000e+00     0.0000000000e+00     0.0000000000e+00     0.0000000000e+00 
    0.0000000000e+00     0.0000000000e+00     0.0000000000e+00     5.2356020942e-03     0.0000000000e+00     7.3298429319e-03     0.0000000000e+00     0.0000000000e+00     0.0000000000e+00     1.9895287958e-01     0.0000000000e+00     0.0000000000e+00     4.2931937173e-02     0.0000000000e+00     0.0000000000e+00     0.0000000000e+00 
    0.0000000000e+00     0.0000000000e+00     0.0000000000e+00     0.0000000000e+00     0.0000000000e+00     2.0920502092e-03     0.0000000000e+00     0.0000000000e+00     0.0000000000e+00     1.4016736402e-01     0.0000000000e+00     0.0000000000e+00     0.0000000000e+00     0.0000000000e+00     0.0000000000e+00     0.0000000000e+00 
    0.0000000000e+00     0.0000000000e+00     0.0000000000e+00     0.0000000000e+00     0.0000000000e+00     0.0000000000e+00     0.0000000000e+00     0.0000000000e+00     0.0000000000e+00     9.0090090090e-03     0.0000000000e+00     0.0000000000e+00     0.0000000000e+00     0.0000000000e+00     0.0000000000e+00     9.0090090090e-03 
    0.0000000000e+00     0.0000000000e+00     0.0000000000e+00     0.0000000000e+00     0.0000000000e+00     2.2296544036e-03     0.0000000000e+00     0.0000000000e+00     0.0000000000e+00     1.2931995541e-01     0.0000000000e+00     0.0000000000e+00     0.0000000000e+00     0.0000000000e+00     0.0000000000e+00     0.0000000000e+00 
    0.0000000000e+00     0.0000000000e+00     0.0000000000e+00     0.0000000000e+00     4.4444444444e-03     0.0000000000e+00     4.4444444444e-03     0.0000000000e+00     0.0000000000e+00     0.0000000000e+00     0.0000000000e+00     0.0000000000e+00     0.0000000000e+00     0.0000000000e+00     0.0000000000e+00     4.4444444444e-03 
    0.0000000000e+00     0.0000000000e+00     0.0000000000e+00     0.0000000000e+00     1.3617793917e-03     0.0000000000e+00     0.0000000000e+00     0.0000000000e+00     0.0000000000e+00     0.0000000000e+00     0.0000000000e+00     0.0000000000e+00     0.0000000000e+00     0.0000000000e+00     0.0000000000e+00     0.0000000000e+00 
    0.0000000000e+00     0.0000000000e+00     0.0000000000e+00     0.0000000000e+00     0.0000000000e+00     7.6923076923e-02     1.5384615385e-02     0.0000000000e+00     0.0000000000e+00     1.5384615385e-02     0.0000000000e+00     0.0000000000e+00     0.0000000000e+00     0.0000000000e+00     0.0000000000e+00     0.0000000000e+00 
    0.0000000000e+00     0.0000000000e+00     0.0000000000e+00     0.0000000000e+00     0.0000000000e+00     1.0000000000e+00     0.0000000000e+00     0.0000000000e+00     0.0000000000e+00     0.0000000000e+00     0.0000000000e+00     0.0000000000e+00     0.0000000000e+00     0.0000000000e+00     0.0000000000e+00     0.0000000000e+00 
    0.0000000000e+00     0.0000000000e+00     0.0000000000e+00     0.0000000000e+00     0.0000000000e+00     1.5066312997e-01     0.0000000000e+00     0.0000000000e+00     0.0000000000e+00     0.0000000000e+00     0.0000000000e+00     0.0000000000e+00     0.0000000000e+00     1.0610079576e-03     0.0000000000e+00     0.0000000000e+00 
    0.0000000000e+00     0.0000000000e+00     0.0000000000e+00     0.0000000000e+00     0.0000000000e+00     6.1467889908e-01     0.0000000000e+00     0.0000000000e+00     0.0000000000e+00     0.0000000000e+00     0.0000000000e+00     0.0000000000e+00     0.0000000000e+00     0.0000000000e+00     0.0000000000e+00     0.0000000000e+00 
    0.0000000000e+00     0.0000000000e+00     3.1705770450e-04     6.0240963855e-03     0.0000000000e+00     1.9023462270e-03     0.0000000000e+00     0.0000000000e+00     0.0000000000e+00     2.4904882689e-01     0.0000000000e+00     0.0000000000e+00     0.0000000000e+00     0.0000000000e+00     0.0000000000e+00     0.0000000000e+00 
    0.0000000000e+00     0.0000000000e+00     0.0000000000e+00     1.1080332410e-03     0.0000000000e+00     1.6620498615e-03     0.0000000000e+00     0.0000000000e+00     0.0000000000e+00     3.0470914127e-02     0.0000000000e+00     0.0000000000e+00     0.0000000000e+00     0.0000000000e+00     0.0000000000e+00     2.2160664820e-03 
    0.0000000000e+00     0.0000000000e+00     0.0000000000e+00     6.5097103179e-04     0.0000000000e+00     2.1699034393e-04     0.0000000000e+00     0.0000000000e+00     0.0000000000e+00     3.0248453944e-01     0.0000000000e+00     0.0000000000e+00     0.0000000000e+00     2.1699034393e-04     0.0000000000e+00     0.0000000000e+00 
    0.0000000000e+00     0.0000000000e+00     0.0000000000e+00     0.0000000000e+00     0.0000000000e+00     5.9309410968e-01     0.0000000000e+00     0.0000000000e+00     0.0000000000e+00     1.8957345972e-02     0.0000000000e+00     0.0000000000e+00     0.0000000000e+00     0.0000000000e+00     0.0000000000e+00     0.0000000000e+00 
    0.0000000000e+00     0.0000000000e+00     8.7108013937e-04     1.3937282230e-02     0.0000000000e+00     0.0000000000e+00     8.7108013937e-04     0.0000000000e+00     0.0000000000e+00     4.3554006969e-03     0.0000000000e+00     0.0000000000e+00     0.0000000000e+00     0.0000000000e+00     0.0000000000e+00     0.0000000000e+00 
    0.0000000000e+00     0.0000000000e+00     0.0000000000e+00     1.4084507042e-02     0.0000000000e+00     0.0000000000e+00     0.0000000000e+00     0.0000000000e+00     0.0000000000e+00     4.6948356808e-03     0.0000000000e+00     0.0000000000e+00     0.0000000000e+00     0.0000000000e+00     0.0000000000e+00     0.0000000000e+00 
    0.0000000000e+00     0.0000000000e+00     0.0000000000e+00     0.0000000000e+00     1.6888054911e-02     1.9752111007e-04     1.4814083255e-04     0.0000000000e+00     0.0000000000e+00     0.0000000000e+00     0.0000000000e+00     0.0000000000e+00     0.0000000000e+00     0.0000000000e+00     1.6344871858e-02     5.9256333021e-04 
    0.0000000000e+00     0.0000000000e+00     0.0000000000e+00     0.0000000000e+00     3.2758620690e-01     0.0000000000e+00     1.4367816092e-03     0.0000000000e+00     0.0000000000e+00     0.0000000000e+00     0.0000000000e+00     0.0000000000e+00     0.0000000000e+00     1.4367816092e-03     2.5143678161e-01     4.3103448276e-03 
    0.0000000000e+00     0.0000000000e+00     0.0000000000e+00     0.0000000000e+00     3.3206043500e-04     0.0000000000e+00     0.0000000000e+00     0.0000000000e+00     0.0000000000e+00     2.4904532625e-04     0.0000000000e+00     0.0000000000e+00     0.0000000000e+00     0.0000000000e+00     0.0000000000e+00     0.0000000000e+00 
    0.0000000000e+00     0.0000000000e+00     0.0000000000e+00     0.0000000000e+00     0.0000000000e+00     1.2738853503e-02     0.0000000000e+00     0.0000000000e+00     0.0000000000e+00     3.8216560510e-02     0.0000000000e+00     0.0000000000e+00     0.0000000000e+00     1.6560509554e-01     0.0000000000e+00     0.0000000000e+00 
    0.0000000000e+00     0.0000000000e+00     0.0000000000e+00     0.0000000000e+00     0.0000000000e+00     0.0000000000e+00     0.0000000000e+00     0.0000000000e+00     0.0000000000e+00     1.8518518519e-02     0.0000000000e+00     0.0000000000e+00     0.0000000000e+00     0.0000000000e+00     0.0000000000e+00     0.0000000000e+00 
    1.9131798963e-04     0.0000000000e+00     0.0000000000e+00     4.7829497408e-04     0.0000000000e+00     4.9735024584e-01     0.0000000000e+00     0.0000000000e+00     0.0000000000e+00     4.3429183646e-03     0.0000000000e+00     0.0000000000e+00     4.0942049781e-03     1.6262029119e-02     0.0000000000e+00     0.0000000000e+00 
    0.0000000000e+00     0.0000000000e+00     0.0000000000e+00     0.0000000000e+00     0.0000000000e+00     1.4705882353e-01     0.0000000000e+00     0.0000000000e+00     0.0000000000e+00     0.0000000000e+00     0.0000000000e+00     0.0000000000e+00     0.0000000000e+00     0.0000000000e+00     0.0000000000e+00     0.0000000000e+00 
    0.0000000000e+00     0.0000000000e+00     0.0000000000e+00     7.1890726096e-04     4.1696621136e-02     0.0000000000e+00     2.5161754134e-03     0.0000000000e+00     0.0000000000e+00     0.0000000000e+00     0.0000000000e+00     0.0000000000e+00     0.0000000000e+00     0.0000000000e+00     1.4378145219e-03     3.9539899353e-03 
    0.0000000000e+00     0.0000000000e+00     0.0000000000e+00     0.0000000000e+00     0.0000000000e+00     0.0000000000e+00     0.0000000000e+00     0.0000000000e+00     5.6034482759e-03     0.0000000000e+00     0.0000000000e+00     0.0000000000e+00     0.0000000000e+00     0.0000000000e+00     0.0000000000e+00     0.0000000000e+00 
    0.0000000000e+00     0.0000000000e+00     0.0000000000e+00     0.0000000000e+00     0.0000000000e+00     0.0000000000e+00     3.4782608696e-01     0.0000000000e+00     0.0000000000e+00     0.0000000000e+00     0.0000000000e+00     0.0000000000e+00     0.0000000000e+00     0.0000000000e+00     8.6956521739e-02     8.6956521739e-02 
    0.0000000000e+00     0.0000000000e+00     0.0000000000e+00     0.0000000000e+00     0.0000000000e+00     0.0000000000e+00     0.0000000000e+00     0.0000000000e+00     0.0000000000e+00     0.0000000000e+00     0.0000000000e+00     0.0000000000e+00     0.0000000000e+00     0.0000000000e+00     0.0000000000e+00     1.2500000000e-01 
    0.0000000000e+00     0.0000000000e+00     0.0000000000e+00     6.7437379576e-03     0.0000000000e+00     0.0000000000e+00     0.0000000000e+00     0.0000000000e+00     1.9267822736e-03     1.4161849711e-01     0.0000000000e+00     0.0000000000e+00     3.8535645472e-03     0.0000000000e+00     0.0000000000e+00     0.0000000000e+00 
    0.0000000000e+00     0.0000000000e+00     0.0000000000e+00     0.0000000000e+00     1.9354838710e-01     0.0000000000e+00     0.0000000000e+00     0.0000000000e+00     0.0000000000e+00     0.0000000000e+00     0.0000000000e+00     0.0000000000e+00     0.0000000000e+00     0.0000000000e+00     1.0752688172e-02     4.3010752688e-02 
    0.0000000000e+00     0.0000000000e+00     0.0000000000e+00     0.0000000000e+00     0.0000000000e+00     0.0000000000e+00     0.0000000000e+00     0.0000000000e+00     0.0000000000e+00     0.0000000000e+00     0.0000000000e+00     0.0000000000e+00     7.2463768116e-03     0.0000000000e+00     0.0000000000e+00     0.0000000000e+00 
    0.0000000000e+00     0.0000000000e+00     0.0000000000e+00     5.8139534884e-03     2.1976744186e-01     1.2790697674e-02     3.0232558140e-02     0.0000000000e+00     0.0000000000e+00     0.0000000000e+00     0.0000000000e+00     0.0000000000e+00     0.0000000000e+00     0.0000000000e+00     5.5813953488e-02     8.3720930233e-02 
    0.0000000000e+00     0.0000000000e+00     0.0000000000e+00     6.3918184724e-04     5.9656972409e-03     4.6649621817e-01     3.1959092362e-03     0.0000000000e+00     0.0000000000e+00     1.9175455417e-03     0.0000000000e+00     0.0000000000e+00     2.1306061575e-04     1.5553424949e-02     2.8763183126e-03     8.6289549377e-03 
    0.0000000000e+00     0.0000000000e+00     0.0000000000e+00     0.0000000000e+00     0.0000000000e+00     0.0000000000e+00     5.3097345133e-03     0.0000000000e+00     0.0000000000e+00     0.0000000000e+00     0.0000000000e+00     0.0000000000e+00     0.0000000000e+00     0.0000000000e+00     7.1150442478e-01     3.1858407080e-02 
    0.0000000000e+00     0.0000000000e+00     0.0000000000e+00     1.0277115067e-02     7.3407964764e-04     9.1759955955e-04     0.0000000000e+00     0.0000000000e+00     0.0000000000e+00     1.1892090292e-01     0.0000000000e+00     0.0000000000e+00     2.2022389429e-02     0.0000000000e+00     0.0000000000e+00     0.0000000000e+00 
    0.0000000000e+00     0.0000000000e+00     0.0000000000e+00     0.0000000000e+00     0.0000000000e+00     0.0000000000e+00     0.0000000000e+00     0.0000000000e+00     0.0000000000e+00     0.0000000000e+00     0.0000000000e+00     0.0000000000e+00     3.3670033670e-03     0.0000000000e+00     0.0000000000e+00     0.0000000000e+00 
    8.1168831169e-04     0.0000000000e+00     0.0000000000e+00     7.3863636364e-03     5.7629870130e-02     1.0551948052e-03     6.4935064935e-04     0.0000000000e+00     0.0000000000e+00     3.4017857143e-01     0.0000000000e+00     5.6818181818e-04     2.1103896104e-02     4.8701298701e-04     0.0000000000e+00     1.8668831169e-03 
    0.0000000000e+00     0.0000000000e+00     6.0698027314e-03     1.5174506829e-03     0.0000000000e+00     0.0000000000e+00     0.0000000000e+00     0.0000000000e+00     0.0000000000e+00     1.2139605463e-02     0.0000000000e+00     3.7082818294e-03     7.4165636588e-03     0.0000000000e+00     0.0000000000e+00     1.5174506829e-03 
    0.0000000000e+00     0.0000000000e+00     0.0000000000e+00     9.5288328591e-04     2.3659288876e-04     5.2093847065e-04     1.8645256096e-03     0.0000000000e+00     0.0000000000e+00     2.3615877336e-03     0.0000000000e+00     0.0000000000e+00     1.1287000198e-04     1.6713442600e-04     0.0000000000e+00     7.8726826378e-03 
    0.0000000000e+00     0.0000000000e+00     1.5813042261e-02     1.7450321858e-01     0.0000000000e+00     1.1195074167e-03     0.0000000000e+00     0.0000000000e+00     0.0000000000e+00     6.5771060733e-03     0.0000000000e+00     0.0000000000e+00     0.0000000000e+00     0.0000000000e+00     0.0000000000e+00     6.8010075567e-02 
    0.0000000000e+00     0.0000000000e+00     0.0000000000e+00     1.5193370166e-02     0.0000000000e+00     0.0000000000e+00     0.0000000000e+00     0.0000000000e+00     0.0000000000e+00     0.0000000000e+00     0.0000000000e+00     0.0000000000e+00     0.0000000000e+00     3.0386740331e-02     0.0000000000e+00     1.1049723757e-01 
    0.0000000000e+00     0.0000000000e+00     0.0000000000e+00     0.0000000000e+00     0.0000000000e+00     0.0000000000e+00     2.6958525346e-01     0.0000000000e+00     0.0000000000e+00     0.0000000000e+00     0.0000000000e+00     0.0000000000e+00     0.0000000000e+00     0.0000000000e+00     0.0000000000e+00     2.0737327189e-02 
    0.0000000000e+00     0.0000000000e+00     0.0000000000e+00     0.0000000000e+00     0.0000000000e+00     2.8089887640e-03     0.0000000000e+00     0.0000000000e+00     0.0000000000e+00     0.0000000000e+00     0.0000000000e+00     0.0000000000e+00     5.7022471910e-01     0.0000000000e+00     0.0000000000e+00     0.0000000000e+00 
    0.0000000000e+00     0.0000000000e+00     0.0000000000e+00     0.0000000000e+00     2.3529411765e-02     7.8431372549e-03     0.0000000000e+00     0.0000000000e+00     0.0000000000e+00     0.0000000000e+00     0.0000000000e+00     0.0000000000e+00     0.0000000000e+00     0.0000000000e+00     3.9215686275e-03     0.0000000000e+00 
    0.0000000000e+00     0.0000000000e+00     0.0000000000e+00     0.0000000000e+00     0.0000000000e+00     0.0000000000e+00     0.0000000000e+00     0.0000000000e+00     0.0000000000e+00     0.0000000000e+00     0.0000000000e+00     0.0000000000e+00     0.0000000000e+00     0.0000000000e+00     0.0000000000e+00     5.5555555556e-02 
    0.0000000000e+00     0.0000000000e+00     0.0000000000e+00     0.0000000000e+00     5.0251256281e-02     5.0251256281e-03     0.0000000000e+00     0.0000000000e+00     0.0000000000e+00     5.0251256281e-03     0.0000000000e+00     0.0000000000e+00     0.0000000000e+00     0.0000000000e+00     0.0000000000e+00     1.0050251256e-02 
    0.0000000000e+00     0.0000000000e+00     0.0000000000e+00     4.3824701195e-02     3.9840637450e-03     0.0000000000e+00     0.0000000000e+00     0.0000000000e+00     0.0000000000e+00     0.0000000000e+00     0.0000000000e+00     0.0000000000e+00     0.0000000000e+00     0.0000000000e+00     0.0000000000e+00     0.0000000000e+00 
    0.0000000000e+00     0.0000000000e+00     0.0000000000e+00     3.2608695652e-02     0.0000000000e+00     0.0000000000e+00     0.0000000000e+00     0.0000000000e+00     0.0000000000e+00     0.0000000000e+00     0.0000000000e+00     1.0869565217e-02     0.0000000000e+00     0.0000000000e+00     0.0000000000e+00     0.0000000000e+00 
    0.0000000000e+00     0.0000000000e+00     0.0000000000e+00     2.9850746269e-03     0.0000000000e+00     6.1716417910e-01     0.0000000000e+00     0.0000000000e+00     0.0000000000e+00     0.0000000000e+00     0.0000000000e+00     0.0000000000e+00     0.0000000000e+00     1.1194029851e-03     0.0000000000e+00     0.0000000000e+00 
    0.0000000000e+00     0.0000000000e+00     0.0000000000e+00     1.3831258645e-03     0.0000000000e+00     2.7662517289e-03     0.0000000000e+00     0.0000000000e+00     0.0000000000e+00     1.5214384509e-02     0.0000000000e+00     0.0000000000e+00     8.5753803596e-02     1.3831258645e-03     0.0000000000e+00     1.3831258645e-03 
    0.0000000000e+00     0.0000000000e+00     2.0000000000e-02     3.0000000000e-02     0.0000000000e+00     0.0000000000e+00     0.0000000000e+00     0.0000000000e+00     0.0000000000e+00     0.0000000000e+00     0.0000000000e+00     0.0000000000e+00     0.0000000000e+00     0.0000000000e+00     0.0000000000e+00     0.0000000000e+00 
    0.0000000000e+00     0.0000000000e+00     0.0000000000e+00     0.0000000000e+00     0.0000000000e+00     9.3989401137e-02     2.4712375408e-04     0.0000000000e+00     0.0000000000e+00     3.1714215107e-02     0.0000000000e+00     1.4992174414e-02     7.6882945715e-04     5.2994316154e-03     0.0000000000e+00     1.8671572531e-03 
    1.1509135376e-03     0.0000000000e+00     0.0000000000e+00     1.2803913106e-02     1.0070493454e-03     2.8772838441e-04     2.8772838441e-04     0.0000000000e+00     0.0000000000e+00     2.9362681629e-01     0.0000000000e+00     0.0000000000e+00     7.0781182564e-02     0.0000000000e+00     0.0000000000e+00     0.0000000000e+00 
    0.0000000000e+00     0.0000000000e+00     0.0000000000e+00     0.0000000000e+00     0.0000000000e+00     0.0000000000e+00     0.0000000000e+00     0.0000000000e+00     0.0000000000e+00     7.3529411765e-03     0.0000000000e+00     0.0000000000e+00     2.9411764706e-02     0.0000000000e+00     0.0000000000e+00     0.0000000000e+00 
    0.0000000000e+00     0.0000000000e+00     0.0000000000e+00     2.0134228188e-02     0.0000000000e+00     0.0000000000e+00     3.3557046980e-03     0.0000000000e+00     0.0000000000e+00     0.0000000000e+00     0.0000000000e+00     0.0000000000e+00     0.0000000000e+00     0.0000000000e+00     0.0000000000e+00     1.6778523490e-02 
    0.0000000000e+00     0.0000000000e+00     0.0000000000e+00     2.7422303473e-03     0.0000000000e+00     0.0000000000e+00     0.0000000000e+00     0.0000000000e+00     0.0000000000e+00     1.3101767215e-02     0.0000000000e+00     0.0000000000e+00     0.0000000000e+00     0.0000000000e+00     0.0000000000e+00     4.5703839122e-03 
    0.0000000000e+00     0.0000000000e+00     0.0000000000e+00     4.4834672146e-03     0.0000000000e+00     7.4724453577e-04     0.0000000000e+00     0.0000000000e+00     2.8021670092e-04     6.8055296096e-01     0.0000000000e+00     0.0000000000e+00     0.0000000000e+00     1.3076779376e-03     0.0000000000e+00     3.7362226789e-04 
    0.0000000000e+00     0.0000000000e+00     0.0000000000e+00     0.0000000000e+00     0.0000000000e+00     0.0000000000e+00     0.0000000000e+00     0.0000000000e+00     0.0000000000e+00     1.6450074025e-04     0.0000000000e+00     3.2900148051e-04     1.3094258924e-01     0.0000000000e+00     0.0000000000e+00     0.0000000000e+00 
    6.4088397790e-03     0.0000000000e+00     0.0000000000e+00     3.7370165746e-01     4.4198895028e-04     0.0000000000e+00     0.0000000000e+00     0.0000000000e+00     8.8397790055e-04     1.1270718232e-02     0.0000000000e+00     0.0000000000e+00     2.9834254144e-02     0.0000000000e+00     0.0000000000e+00     0.0000000000e+00 
    0.0000000000e+00     0.0000000000e+00     0.0000000000e+00     0.0000000000e+00     0.0000000000e+00     0.0000000000e+00     0.0000000000e+00     0.0000000000e+00     0.0000000000e+00     1.1041314327e-01     0.0000000000e+00     0.0000000000e+00     0.0000000000e+00     0.0000000000e+00     0.0000000000e+00     1.4496255134e-03 
    0.0000000000e+00     0.0000000000e+00     0.0000000000e+00     0.0000000000e+00     0.0000000000e+00     0.0000000000e+00     0.0000000000e+00     0.0000000000e+00     0.0000000000e+00     5.1993067591e-03     0.0000000000e+00     0.0000000000e+00     0.0000000000e+00     0.0000000000e+00     0.0000000000e+00     8.6655112652e-04 
    0.0000000000e+00     0.0000000000e+00     0.0000000000e+00     1.3225734140e-02     0.0000000000e+00     0.0000000000e+00     0.0000000000e+00     0.0000000000e+00     0.0000000000e+00     1.7821116342e-01     0.0000000000e+00     0.0000000000e+00     4.0349697377e-02     0.0000000000e+00     0.0000000000e+00     0.0000000000e+00 
    3.8786673297e-02     0.0000000000e+00     2.4863252113e-03     5.6787667827e-01     0.0000000000e+00     9.9453008454e-04     0.0000000000e+00     0.0000000000e+00     0.0000000000e+00     4.4753853804e-03     0.0000000000e+00     0.0000000000e+00     6.4644455495e-03     2.4863252113e-03     0.0000000000e+00     9.9453008454e-04 
    0.0000000000e+00     0.0000000000e+00     0.0000000000e+00     0.0000000000e+00     0.0000000000e+00     3.4662045061e-03     0.0000000000e+00     0.0000000000e+00     0.0000000000e+00     0.0000000000e+00     0.0000000000e+00     0.0000000000e+00     2.1837088388e-01     0.0000000000e+00     0.0000000000e+00     0.0000000000e+00 
    0.0000000000e+00     0.0000000000e+00     0.0000000000e+00     0.0000000000e+00     0.0000000000e+00     0.0000000000e+00     0.0000000000e+00     0.0000000000e+00     0.0000000000e+00     0.0000000000e+00     0.0000000000e+00     0.0000000000e+00     2.9775280899e-01     0.0000000000e+00     0.0000000000e+00     5.6179775281e-03 
    0.0000000000e+00     0.0000000000e+00     0.0000000000e+00     0.0000000000e+00     0.0000000000e+00     0.0000000000e+00     2.0408163265e-02     0.0000000000e+00     0.0000000000e+00     0.0000000000e+00     0.0000000000e+00     0.0000000000e+00     0.0000000000e+00     0.0000000000e+00     0.0000000000e+00     0.0000000000e+00 
    0.0000000000e+00     0.0000000000e+00     0.0000000000e+00     0.0000000000e+00     0.0000000000e+00     1.7268174754e-03     0.0000000000e+00     0.0000000000e+00     0.0000000000e+00     0.0000000000e+00     0.0000000000e+00     0.0000000000e+00     0.0000000000e+00     0.0000000000e+00     0.0000000000e+00     6.9072699016e-04 
    0.0000000000e+00     0.0000000000e+00     0.0000000000e+00     0.0000000000e+00     0.0000000000e+00     2.6595744681e-03     0.0000000000e+00     0.0000000000e+00     0.0000000000e+00     9.3085106383e-02     0.0000000000e+00     0.0000000000e+00     1.5957446809e-02     0.0000000000e+00     0.0000000000e+00     0.0000000000e+00 
    0.0000000000e+00     0.0000000000e+00     2.0014510520e-04     2.2015961572e-03     0.0000000000e+00     0.0000000000e+00     0.0000000000e+00     0.0000000000e+00     0.0000000000e+00     1.4610592680e-02     0.0000000000e+00     0.0000000000e+00     0.0000000000e+00     5.7541717745e-04     0.0000000000e+00     2.5018138150e-04 
    0.0000000000e+00     5.7971014493e-03     3.4782608696e-02     8.4057971014e-02     0.0000000000e+00     0.0000000000e+00     2.8985507246e-03     0.0000000000e+00     0.0000000000e+00     5.7971014493e-03     0.0000000000e+00     0.0000000000e+00     0.0000000000e+00     0.0000000000e+00     0.0000000000e+00     0.0000000000e+00 
    0.0000000000e+00     0.0000000000e+00     0.0000000000e+00     6.7655728990e-04     0.0000000000e+00     0.0000000000e+00     0.0000000000e+00     0.0000000000e+00     0.0000000000e+00     1.1114869763e-02     0.0000000000e+00     0.0000000000e+00     6.7655728990e-04     1.9813463490e-03     0.0000000000e+00     0.0000000000e+00 
    0.0000000000e+00     0.0000000000e+00     0.0000000000e+00     1.1057869517e-03     0.0000000000e+00     2.7030347709e-03     0.0000000000e+00     0.0000000000e+00     0.0000000000e+00     2.7767539010e-02     0.0000000000e+00     0.0000000000e+00     0.0000000000e+00     3.2841872466e-01     1.1057869517e-03     4.9146086743e-04 
    0.0000000000e+00     0.0000000000e+00     0.0000000000e+00     8.4566596195e-03     0.0000000000e+00     0.0000000000e+00     0.0000000000e+00     0.0000000000e+00     0.0000000000e+00     0.0000000000e+00     0.0000000000e+00     2.1141649049e-03     0.0000000000e+00     0.0000000000e+00     0.0000000000e+00     0.0000000000e+00 
    0.0000000000e+00     0.0000000000e+00     7.5500188750e-04     1.2523391392e-03     0.0000000000e+00     5.8639473305e-04     0.0000000000e+00     0.0000000000e+00     1.7652451266e-04     1.3160849439e-01     0.0000000000e+00     0.0000000000e+00     0.0000000000e+00     0.0000000000e+00     0.0000000000e+00     2.5607418575e-04 
    0.0000000000e+00     0.0000000000e+00     0.0000000000e+00     4.1152263374e-03     0.0000000000e+00     0.0000000000e+00     2.0576131687e-03     0.0000000000e+00     2.0576131687e-03     8.4362139918e-02     0.0000000000e+00     0.0000000000e+00     0.0000000000e+00     9.2592592593e-02     0.0000000000e+00     0.0000000000e+00 
    0.0000000000e+00     0.0000000000e+00     0.0000000000e+00     0.0000000000e+00     1.7921146953e-03     0.0000000000e+00     0.0000000000e+00     0.0000000000e+00     0.0000000000e+00     0.0000000000e+00     0.0000000000e+00     0.0000000000e+00     0.0000000000e+00     0.0000000000e+00     0.0000000000e+00     0.0000000000e+00 
    0.0000000000e+00     0.0000000000e+00     0.0000000000e+00     1.1286681716e-03     4.2889390519e-02     0.0000000000e+00     2.1444695260e-02     0.0000000000e+00     6.6591422122e-02     1.1286681716e-03     0.0000000000e+00     0.0000000000e+00     0.0000000000e+00     0.0000000000e+00     0.0000000000e+00     3.3860045147e-03 
    0.0000000000e+00     0.0000000000e+00     0.0000000000e+00     4.1640641266e-04     0.0000000000e+00     0.0000000000e+00     0.0000000000e+00     0.0000000000e+00     0.0000000000e+00     1.2492192380e-03     0.0000000000e+00     0.0000000000e+00     2.7066416823e-03     2.9148448886e-03     0.0000000000e+00     1.2492192380e-03 
    0.0000000000e+00     0.0000000000e+00     0.0000000000e+00     0.0000000000e+00     0.0000000000e+00     0.0000000000e+00     0.0000000000e+00     0.0000000000e+00     0.0000000000e+00     0.0000000000e+00     0.0000000000e+00     0.0000000000e+00     5.8408215661e-02     0.0000000000e+00     0.0000000000e+00     0.0000000000e+00 
    0.0000000000e+00     0.0000000000e+00     0.0000000000e+00     0.0000000000e+00     0.0000000000e+00     0.0000000000e+00     0.0000000000e+00     0.0000000000e+00     0.0000000000e+00     0.0000000000e+00     0.0000000000e+00     0.0000000000e+00     0.0000000000e+00     0.0000000000e+00     1.0660980810e-03     0.0000000000e+00 
    0.0000000000e+00     0.0000000000e+00     0.0000000000e+00     2.4882629108e-01     0.0000000000e+00     0.0000000000e+00     4.6948356808e-03     0.0000000000e+00     4.6948356808e-03     0.0000000000e+00     0.0000000000e+00     0.0000000000e+00     0.0000000000e+00     0.0000000000e+00     0.0000000000e+00     0.0000000000e+00 
    0.0000000000e+00     0.0000000000e+00     0.0000000000e+00     0.0000000000e+00     0.0000000000e+00     0.0000000000e+00     0.0000000000e+00     0.0000000000e+00     0.0000000000e+00     1.6103059581e-03     0.0000000000e+00     0.0000000000e+00     0.0000000000e+00     0.0000000000e+00     0.0000000000e+00     0.0000000000e+00 
    0.0000000000e+00     0.0000000000e+00     0.0000000000e+00     0.0000000000e+00     4.8543689320e-03     0.0000000000e+00     9.7087378641e-03     0.0000000000e+00     0.0000000000e+00     0.0000000000e+00     0.0000000000e+00     0.0000000000e+00     0.0000000000e+00     0.0000000000e+00     9.7087378641e-03     9.7087378641e-02 
    0.0000000000e+00     0.0000000000e+00     0.0000000000e+00     0.0000000000e+00     0.0000000000e+00     0.0000000000e+00     0.0000000000e+00     0.0000000000e+00     0.0000000000e+00     0.0000000000e+00     0.0000000000e+00     0.0000000000e+00     0.0000000000e+00     0.0000000000e+00     0.0000000000e+00     1.7857142857e-02 
    0.0000000000e+00     0.0000000000e+00     1.9120458891e-04     2.2944550669e-03     2.6131293818e-03     0.0000000000e+00     5.2135117909e-02     0.0000000000e+00     0.0000000000e+00     1.0197578075e-03     0.0000000000e+00     0.0000000000e+00     0.0000000000e+00     1.1472275335e-03     2.1797323136e-02     6.7208413002e-01 
    1.7380509001e-02     0.0000000000e+00     0.0000000000e+00     6.2073246431e-04     0.0000000000e+00     0.0000000000e+00     0.0000000000e+00     0.0000000000e+00     0.0000000000e+00     0.0000000000e+00     0.0000000000e+00     0.0000000000e+00     0.0000000000e+00     0.0000000000e+00     0.0000000000e+00     0.0000000000e+00 
    0.0000000000e+00     0.0000000000e+00     0.0000000000e+00     9.6593470281e-04     2.8978041084e-03     0.0000000000e+00     0.0000000000e+00     0.0000000000e+00     0.0000000000e+00     6.4395646854e-04     0.0000000000e+00     0.0000000000e+00     0.0000000000e+00     6.4395646854e-04     0.0000000000e+00     0.0000000000e+00 
    0.0000000000e+00     0.0000000000e+00     0.0000000000e+00     1.1248593926e-03     5.8830146232e-01     1.1248593926e-03     2.2497187852e-03     0.0000000000e+00     0.0000000000e+00     2.2497187852e-03     0.0000000000e+00     0.0000000000e+00     0.0000000000e+00     0.0000000000e+00     8.9988751406e-03     1.2373453318e-02 
    6.0376457163e-04     0.0000000000e+00     2.1430324905e-03     5.2581259413e-01     1.2606073474e-04     1.1279118371e-04     2.6539102049e-04     0.0000000000e+00     0.0000000000e+00     8.3133737170e-03     0.0000000000e+00     0.0000000000e+00     5.3078204099e-04     1.3269551025e-04     0.0000000000e+00     2.9856489806e-04 
    0.0000000000e+00     0.0000000000e+00     2.6737967914e-02     1.0695187166e-02     0.0000000000e+00     0.0000000000e+00     0.0000000000e+00     0.0000000000e+00     0.0000000000e+00     0.0000000000e+00     0.0000000000e+00     0.0000000000e+00     0.0000000000e+00     0.0000000000e+00     0.0000000000e+00     5.3475935829e-03 
    0.0000000000e+00     0.0000000000e+00     8.3333333333e-02     2.7777777778e-02     0.0000000000e+00     0.0000000000e+00     0.0000000000e+00     0.0000000000e+00     0.0000000000e+00     0.0000000000e+00     0.0000000000e+00     0.0000000000e+00     0.0000000000e+00     0.0000000000e+00     2.7777777778e-02     0.0000000000e+00 
    9.4696969697e-04     0.0000000000e+00     5.1136363636e-02     9.5643939394e-02     0.0000000000e+00     0.0000000000e+00     0.0000000000e+00     0.0000000000e+00     0.0000000000e+00     4.7348484848e-03     0.0000000000e+00     0.0000000000e+00     9.4696969697e-04     0.0000000000e+00     0.0000000000e+00     0.0000000000e+00 
    0.0000000000e+00     0.0000000000e+00     0.0000000000e+00     6.3880016664e-03     0.0000000000e+00     0.0000000000e+00     0.0000000000e+00     0.0000000000e+00     0.0000000000e+00     0.0000000000e+00     0.0000000000e+00     0.0000000000e+00     0.0000000000e+00     0.0000000000e+00     0.0000000000e+00     0.0000000000e+00 
    7.2886297376e-04     0.0000000000e+00     0.0000000000e+00     0.0000000000e+00     0.0000000000e+00     0.0000000000e+00     2.1865889213e-04     0.0000000000e+00     0.0000000000e+00     0.0000000000e+00     0.0000000000e+00     0.0000000000e+00     8.7463556851e-04     0.0000000000e+00     0.0000000000e+00     0.0000000000e+00 
    1.6688918558e-03     0.0000000000e+00     0.0000000000e+00     0.0000000000e+00     0.0000000000e+00     0.0000000000e+00     0.0000000000e+00     0.0000000000e+00     0.0000000000e+00     0.0000000000e+00     0.0000000000e+00     0.0000000000e+00     0.0000000000e+00     0.0000000000e+00     0.0000000000e+00     0.0000000000e+00 
    0.0000000000e+00     0.0000000000e+00     8.4589487219e-04     4.0772132839e-03     0.0000000000e+00     1.3534317955e-04     3.5527584632e-04     0.0000000000e+00     0.0000000000e+00     2.7034800115e-02     0.0000000000e+00     0.0000000000e+00     4.2294743609e-04     0.0000000000e+00     0.0000000000e+00     1.5226107699e-04 
    0.0000000000e+00     0.0000000000e+00     0.0000000000e+00     2.0060180542e-03     0.0000000000e+00     1.5045135406e-03     1.0030090271e-03     0.0000000000e+00     0.0000000000e+00     3.4603811434e-02     0.0000000000e+00     0.0000000000e+00     0.0000000000e+00     0.0000000000e+00     0.0000000000e+00     3.5105315948e-03 
    0.0000000000e+00     2.6485490557e-03     1.3553661907e-01     1.8125287886e-01     4.6061722708e-04     0.0000000000e+00     4.7213265776e-03     0.0000000000e+00     2.3030861354e-04     5.7577153386e-04     0.0000000000e+00     0.0000000000e+00     0.0000000000e+00     0.0000000000e+00     0.0000000000e+00     6.9092584063e-04 
    0.0000000000e+00     0.0000000000e+00     2.2598870056e-02     9.6045197740e-02     0.0000000000e+00     0.0000000000e+00     0.0000000000e+00     0.0000000000e+00     0.0000000000e+00     5.6497175141e-03     0.0000000000e+00     0.0000000000e+00     0.0000000000e+00     0.0000000000e+00     0.0000000000e+00     0.0000000000e+00 
    0.0000000000e+00     0.0000000000e+00     7.6255707763e-02     5.2675799087e-01     0.0000000000e+00     2.7397260274e-04     4.5662100457e-04     0.0000000000e+00     0.0000000000e+00     3.3789954338e-03     0.0000000000e+00     0.0000000000e+00     0.0000000000e+00     0.0000000000e+00     0.0000000000e+00     0.0000000000e+00 
    1.2909888975e-03     0.0000000000e+00     4.9057578105e-03     3.4546862897e-01     2.8401755745e-03     7.2295378260e-03     3.8729666925e-03     0.0000000000e+00     0.0000000000e+00     1.0198812290e-01     0.0000000000e+00     0.0000000000e+00     5.1639555900e-04     7.7459333850e-04     0.0000000000e+00     3.8729666925e-03 
    0.0000000000e+00     0.0000000000e+00     0.0000000000e+00     1.7528483786e-03     0.0000000000e+00     0.0000000000e+00     1.7939301845e-04     0.0000000000e+00     6.7610062893e-02     4.5270355831e-03     0.0000000000e+00     0.0000000000e+00     0.0000000000e+00     1.7528483786e-03     0.0000000000e+00     8.7642418931e-04 
    0.0000000000e+00     0.0000000000e+00     0.0000000000e+00     1.5174506829e-03     0.0000000000e+00     0.0000000000e+00     4.5523520486e-03     0.0000000000e+00     3.4142640364e-01     4.5523520486e-03     0.0000000000e+00     0.0000000000e+00     0.0000000000e+00     0.0000000000e+00     0.0000000000e+00     0.0000000000e+00 
    0.0000000000e+00     0.0000000000e+00     0.0000000000e+00     0.0000000000e+00     0.0000000000e+00     0.0000000000e+00     0.0000000000e+00     0.0000000000e+00     0.0000000000e+00     4.4943820225e-02     0.0000000000e+00     0.0000000000e+00     0.0000000000e+00     0.0000000000e+00     0.0000000000e+00     0.0000000000e+00 
    0.0000000000e+00     0.0000000000e+00     0.0000000000e+00     9.1421667338e-02     0.0000000000e+00     5.3698483018e-04     0.0000000000e+00     0.0000000000e+00     2.0136931132e-03     5.3362867499e-01     0.0000000000e+00     0.0000000000e+00     1.0739696604e-03     1.3424620754e-03     0.0000000000e+00     1.8794469056e-03 
    0.0000000000e+00     0.0000000000e+00     0.0000000000e+00     1.5341138474e-03     0.0000000000e+00     6.2995559144e-01     0.0000000000e+00     0.0000000000e+00     0.0000000000e+00     1.0496568430e-03     0.0000000000e+00     0.0000000000e+00     1.0496568430e-03     3.3104561970e-03     0.0000000000e+00     0.0000000000e+00 
    2.2233712513e-02     0.0000000000e+00     2.0682523268e-03     5.0465356774e-01     0.0000000000e+00     1.0341261634e-03     1.5511892451e-03     0.0000000000e+00     0.0000000000e+00     2.0682523268e-03     0.0000000000e+00     0.0000000000e+00     1.0341261634e-03     1.0341261634e-03     0.0000000000e+00     1.0341261634e-03 
    0.0000000000e+00     0.0000000000e+00     0.0000000000e+00     1.5528754076e-04     0.0000000000e+00     0.0000000000e+00     0.0000000000e+00     0.0000000000e+00     0.0000000000e+00     0.0000000000e+00     0.0000000000e+00     6.5779802267e-01     6.2115016305e-04     0.0000000000e+00     0.0000000000e+00     0.0000000000e+00 
    0.0000000000e+00     0.0000000000e+00     0.0000000000e+00     0.0000000000e+00     4.0650406504e-02     0.0000000000e+00     0.0000000000e+00     0.0000000000e+00     0.0000000000e+00     0.0000000000e+00     0.0000000000e+00     0.0000000000e+00     0.0000000000e+00     0.0000000000e+00     0.0000000000e+00     2.0325203252e-03 
    0.0000000000e+00     0.0000000000e+00     0.0000000000e+00     0.0000000000e+00     1.1627906977e-02     1.3953488372e-01     0.0000000000e+00     0.0000000000e+00     0.0000000000e+00     0.0000000000e+00     0.0000000000e+00     0.0000000000e+00     0.0000000000e+00     0.0000000000e+00     0.0000000000e+00     1.1627906977e-02 
    0.0000000000e+00     0.0000000000e+00     0.0000000000e+00     7.5208165458e-03     0.0000000000e+00     5.3720118184e-04     0.0000000000e+00     0.0000000000e+00     0.0000000000e+00     2.6591458501e-02     0.0000000000e+00     0.0000000000e+00     0.0000000000e+00     0.0000000000e+00     0.0000000000e+00     6.1778135912e-03 
    0.0000000000e+00     0.0000000000e+00     0.0000000000e+00     2.4824983864e-04     6.9162405044e-01     2.4824983864e-04     2.9789980637e-04     0.0000000000e+00     0.0000000000e+00     3.9719974182e-04     0.0000000000e+00     0.0000000000e+00     0.0000000000e+00     0.0000000000e+00     2.5817983218e-03     9.9796435132e-03 
    0.0000000000e+00     0.0000000000e+00     1.4925373134e-02     4.2985074627e-01     0.0000000000e+00     0.0000000000e+00     2.9850746269e-03     0.0000000000e+00     0.0000000000e+00     2.9850746269e-03     0.0000000000e+00     0.0000000000e+00     0.0000000000e+00     2.9850746269e-03     0.0000000000e+00     2.6567164179e-01 
    0.0000000000e+00     0.0000000000e+00     0.0000000000e+00     2.1786492375e-03     0.0000000000e+00     0.0000000000e+00     0.0000000000e+00     0.0000000000e+00     0.0000000000e+00     0.0000000000e+00     0.0000000000e+00     0.0000000000e+00     0.0000000000e+00     0.0000000000e+00     0.0000000000e+00     0.0000000000e+00 
    0.0000000000e+00     0.0000000000e+00     0.0000000000e+00     2.3364485981e-03     0.0000000000e+00     0.0000000000e+00     0.0000000000e+00     0.0000000000e+00     0.0000000000e+00     0.0000000000e+00     0.0000000000e+00     0.0000000000e+00     0.0000000000e+00     0.0000000000e+00     4.6728971963e-03     2.6168224299e-01 
    0.0000000000e+00     0.0000000000e+00     0.0000000000e+00     0.0000000000e+00     0.0000000000e+00     0.0000000000e+00     0.0000000000e+00     0.0000000000e+00     0.0000000000e+00     0.0000000000e+00     0.0000000000e+00     0.0000000000e+00     0.0000000000e+00     4.8419636853e-02     0.0000000000e+00     0.0000000000e+00 
    6.3118030717e-03     0.0000000000e+00     0.0000000000e+00     3.8922785609e-03     0.0000000000e+00     0.0000000000e+00     3.1559015359e-04     0.0000000000e+00     0.0000000000e+00     2.5247212287e-03     0.0000000000e+00     0.0000000000e+00     5.0810014728e-02     2.1039343572e-04     0.0000000000e+00     0.0000000000e+00 
    0.0000000000e+00     0.0000000000e+00     0.0000000000e+00     0.0000000000e+00     0.0000000000e+00     0.0000000000e+00     0.0000000000e+00     0.0000000000e+00     0.0000000000e+00     0.0000000000e+00     0.0000000000e+00     0.0000000000e+00     1.3577732519e-03     0.0000000000e+00     0.0000000000e+00     0.0000000000e+00 
    0.0000000000e+00     0.0000000000e+00     0.0000000000e+00     2.6897894178e-04     2.8785465699e-04     2.7936058515e-03     3.1121335457e-03     0.0000000000e+00     0.0000000000e+00     4.4357930750e-04     0.0000000000e+00     0.0000000000e+00     0.0000000000e+00     3.8223323306e-04     0.0000000000e+00     2.5269863741e-03 
    0.0000000000e+00     0.0000000000e+00     0.0000000000e+00     0.0000000000e+00     1.2763868434e-03     1.8055964654e-01     3.3087874325e-02     0.0000000000e+00     0.0000000000e+00     1.0800196367e-03     0.0000000000e+00     0.0000000000e+00     0.0000000000e+00     8.2474226804e-03     0.0000000000e+00     1.1782032401e-03 
    0.0000000000e+00     0.0000000000e+00     5.6100981767e-03     7.1996259935e-02     0.0000000000e+00     5.1425899953e-03     3.1323048153e-02     0.0000000000e+00     0.0000000000e+00     9.3501636279e-04     0.0000000000e+00     0.0000000000e+00     0.0000000000e+00     0.0000000000e+00     0.0000000000e+00     0.0000000000e+00 
    0.0000000000e+00     0.0000000000e+00     0.0000000000e+00     8.6430423509e-03     2.0743301642e-02     0.0000000000e+00     1.7286084702e-03     0.0000000000e+00     0.0000000000e+00     2.5929127053e-03     0.0000000000e+00     0.0000000000e+00     0.0000000000e+00     0.0000000000e+00     1.3828867761e-02     2.9040622299e-01 
    0.0000000000e+00     0.0000000000e+00     2.2598870056e-03     5.6497175141e-03     1.1299435028e-02     0.0000000000e+00     1.2542372881e-01     0.0000000000e+00     2.2598870056e-03     1.1299435028e-03     0.0000000000e+00     0.0000000000e+00     0.0000000000e+00     1.1299435028e-03     1.1299435028e-03     4.5197740113e-03 
    0.0000000000e+00     0.0000000000e+00     0.0000000000e+00     0.0000000000e+00     0.0000000000e+00     0.0000000000e+00     0.0000000000e+00     0.0000000000e+00     0.0000000000e+00     1.3531799729e-03     0.0000000000e+00     0.0000000000e+00     0.0000000000e+00     1.3531799729e-03     0.0000000000e+00     0.0000000000e+00 
    0.0000000000e+00     0.0000000000e+00     0.0000000000e+00     0.0000000000e+00     0.0000000000e+00     0.0000000000e+00     3.6496350365e-03     0.0000000000e+00     0.0000000000e+00     0.0000000000e+00     0.0000000000e+00     0.0000000000e+00     0.0000000000e+00     1.8248175182e-03     0.0000000000e+00     0.0000000000e+00 
    0.0000000000e+00     0.0000000000e+00     0.0000000000e+00     0.0000000000e+00     0.0000000000e+00     0.0000000000e+00     0.0000000000e+00     0.0000000000e+00     0.0000000000e+00     0.0000000000e+00     0.0000000000e+00     0.0000000000e+00     1.5315315315e-01     0.0000000000e+00     0.0000000000e+00     0.0000000000e+00 
    0.0000000000e+00     0.0000000000e+00     0.0000000000e+00     0.0000000000e+00     0.0000000000e+00     0.0000000000e+00     2.2857142857e-01     0.0000000000e+00     0.0000000000e+00     0.0000000000e+00     0.0000000000e+00     0.0000000000e+00     0.0000000000e+00     0.0000000000e+00     0.0000000000e+00     2.8571428571e-02 
    0.0000000000e+00     0.0000000000e+00     0.0000000000e+00     0.0000000000e+00     0.0000000000e+00     0.0000000000e+00     0.0000000000e+00     0.0000000000e+00     0.0000000000e+00     0.0000000000e+00     0.0000000000e+00     0.0000000000e+00     0.0000000000e+00     0.0000000000e+00     0.0000000000e+00     7.6335877863e-03 
    5.4904831625e-04     0.0000000000e+00     2.4890190337e-02     3.3345534407e-01     0.0000000000e+00     5.4904831625e-04     0.0000000000e+00     0.0000000000e+00     0.0000000000e+00     6.7715959004e-03     0.0000000000e+00     0.0000000000e+00     3.6603221083e-04     3.6603221083e-04     0.0000000000e+00     5.4904831625e-04 
    0.0000000000e+00     0.0000000000e+00     0.0000000000e+00     1.0526315789e-02     1.0526315789e-02     0.0000000000e+00     9.4736842105e-02     0.0000000000e+00     0.0000000000e+00     0.0000000000e+00     0.0000000000e+00     0.0000000000e+00     0.0000000000e+00     0.0000000000e+00     1.0526315789e-02     0.0000000000e+00 
    0.0000000000e+00     0.0000000000e+00     0.0000000000e+00     0.0000000000e+00     0.0000000000e+00     0.0000000000e+00     0.0000000000e+00     0.0000000000e+00     0.0000000000e+00     0.0000000000e+00     0.0000000000e+00     1.2738853503e-02     0.0000000000e+00     0.0000000000e+00     0.0000000000e+00     0.0000000000e+00 
    0.0000000000e+00     0.0000000000e+00     0.0000000000e+00     1.2602394455e-03     0.0000000000e+00     6.3011972275e-04     4.2007981516e-04     0.0000000000e+00     0.0000000000e+00     1.0081915564e-02     0.0000000000e+00     0.0000000000e+00     0.0000000000e+00     1.0459987398e-01     0.0000000000e+00     0.0000000000e+00 
    4.4156608772e-04     0.0000000000e+00     1.1775095673e-03     5.4459817486e-03     3.9564321460e-01     8.8313217545e-04     7.5066234913e-03     0.0000000000e+00     0.0000000000e+00     3.9740947895e-03     0.0000000000e+00     0.0000000000e+00     0.0000000000e+00     0.0000000000e+00     2.3403002649e-02     5.3871062702e-02 
    0.0000000000e+00     0.0000000000e+00     2.7842227378e-04     9.1879350348e-03     3.7122969838e-03     0.0000000000e+00     4.3155452436e-02     0.0000000000e+00     7.4245939675e-04     1.3921113689e-03     0.0000000000e+00     0.0000000000e+00     0.0000000000e+00     0.0000000000e+00     8.7238979118e-03     5.7596287703e-01 
    0.0000000000e+00     0.0000000000e+00     0.0000000000e+00     1.0752688172e-02     0.0000000000e+00     0.0000000000e+00     0.0000000000e+00     0.0000000000e+00     0.0000000000e+00     0.0000000000e+00     0.0000000000e+00     0.0000000000e+00     0.0000000000e+00     0.0000000000e+00     0.0000000000e+00     4.3010752688e-02 
    0.0000000000e+00     0.0000000000e+00     0.0000000000e+00     0.0000000000e+00     0.0000000000e+00     0.0000000000e+00     0.0000000000e+00     0.0000000000e+00     0.0000000000e+00     1.6000000000e-02     0.0000000000e+00     0.0000000000e+00     0.0000000000e+00     0.0000000000e+00     0.0000000000e+00     1.6000000000e-02 
    0.0000000000e+00     0.0000000000e+00     4.4358727097e-02     1.0896817743e-01     9.6432015429e-04     9.6432015429e-04     9.6432015429e-04     0.0000000000e+00     0.0000000000e+00     1.3500482160e-02     0.0000000000e+00     0.0000000000e+00     9.6432015429e-04     9.6432015429e-04     0.0000000000e+00     3.8572806172e-03 
    0.0000000000e+00     0.0000000000e+00     6.1068702290e-02     4.5801526718e-02     0.0000000000e+00     0.0000000000e+00     4.5801526718e-02     0.0000000000e+00     0.0000000000e+00     1.5267175573e-02     0.0000000000e+00     0.0000000000e+00     0.0000000000e+00     0.0000000000e+00     0.0000000000e+00     0.0000000000e+00 
    3.6003600360e-04     0.0000000000e+00     0.0000000000e+00     3.9603960396e-03     0.0000000000e+00     0.0000000000e+00     0.0000000000e+00     0.0000000000e+00     0.0000000000e+00     4.1404140414e-03     0.0000000000e+00     0.0000000000e+00     0.0000000000e+00     5.4005400540e-04     0.0000000000e+00     2.7002700270e-03 
    0.0000000000e+00     0.0000000000e+00     0.0000000000e+00     0.0000000000e+00     0.0000000000e+00     4.7058823529e-02     0.0000000000e+00     0.0000000000e+00     0.0000000000e+00     2.3529411765e-02     0.0000000000e+00     0.0000000000e+00     0.0000000000e+00     0.0000000000e+00     0.0000000000e+00     0.0000000000e+00 
    0.0000000000e+00     0.0000000000e+00     0.0000000000e+00     0.0000000000e+00     0.0000000000e+00     0.0000000000e+00     0.0000000000e+00     0.0000000000e+00     0.0000000000e+00     0.0000000000e+00     0.0000000000e+00     0.0000000000e+00     0.0000000000e+00     0.0000000000e+00     0.0000000000e+00     1.3513513514e-02 
    0.0000000000e+00     0.0000000000e+00     1.1737089202e-01     2.1126760563e-01     0.0000000000e+00     0.0000000000e+00     4.6948356808e-03     0.0000000000e+00     0.0000000000e+00     0.0000000000e+00     0.0000000000e+00     0.0000000000e+00     7.0422535211e-03     0.0000000000e+00     2.3474178404e-03     0.0000000000e+00 
    0.0000000000e+00     0.0000000000e+00     0.0000000000e+00     0.0000000000e+00     0.0000000000e+00     0.0000000000e+00     0.0000000000e+00     0.0000000000e+00     0.0000000000e+00     8.9285714286e-04     0.0000000000e+00     0.0000000000e+00     0.0000000000e+00     0.0000000000e+00     0.0000000000e+00     0.0000000000e+00 
    0.0000000000e+00     0.0000000000e+00     0.0000000000e+00     4.0816326531e-02     0.0000000000e+00     0.0000000000e+00     0.0000000000e+00     0.0000000000e+00     0.0000000000e+00     0.0000000000e+00     0.0000000000e+00     0.0000000000e+00     0.0000000000e+00     0.0000000000e+00     0.0000000000e+00     0.0000000000e+00 
    0.0000000000e+00     0.0000000000e+00     0.0000000000e+00     0.0000000000e+00     0.0000000000e+00     0.0000000000e+00     0.0000000000e+00     0.0000000000e+00     0.0000000000e+00     0.0000000000e+00     0.0000000000e+00     0.0000000000e+00     2.1671826625e-02     0.0000000000e+00     0.0000000000e+00     0.0000000000e+00 
    0.0000000000e+00     0.0000000000e+00     0.0000000000e+00     0.0000000000e+00     0.0000000000e+00     3.8297872340e-03     0.0000000000e+00     0.0000000000e+00     0.0000000000e+00     2.1276595745e-04     0.0000000000e+00     0.0000000000e+00     0.0000000000e+00     0.0000000000e+00     0.0000000000e+00     0.0000000000e+00 
    0.0000000000e+00     0.0000000000e+00     1.9157088123e-03     9.5785440613e-03     6.5134099617e-02     0.0000000000e+00     1.9157088123e-03     0.0000000000e+00     0.0000000000e+00     5.7471264368e-03     0.0000000000e+00     0.0000000000e+00     0.0000000000e+00     0.0000000000e+00     3.8314176245e-03     3.6398467433e-02 
    0.0000000000e+00     0.0000000000e+00     5.0558673340e-04     4.7525152940e-03     1.0364528035e-03     0.0000000000e+00     5.9659234542e-03     0.0000000000e+00     6.0923201375e-03     4.5502806006e-03     0.0000000000e+00     0.0000000000e+00     0.0000000000e+00     4.5502806006e-04     0.0000000000e+00     5.8142474341e-04 
    0.0000000000e+00     0.0000000000e+00     2.1367521368e-03     3.8461538462e-02     0.0000000000e+00     0.0000000000e+00     3.2051282051e-03     0.0000000000e+00     2.2435897436e-02     1.2820512821e-02     0.0000000000e+00     0.0000000000e+00     0.0000000000e+00     1.8162393162e-02     0.0000000000e+00     4.2735042735e-03 
    0.0000000000e+00     0.0000000000e+00     0.0000000000e+00     2.5000000000e-02     0.0000000000e+00     0.0000000000e+00     0.0000000000e+00     0.0000000000e+00     0.0000000000e+00     0.0000000000e+00     0.0000000000e+00     0.0000000000e+00     0.0000000000e+00     0.0000000000e+00     0.0000000000e+00     0.0000000000e+00 
    0.0000000000e+00     0.0000000000e+00     0.0000000000e+00     0.0000000000e+00     0.0000000000e+00     0.0000000000e+00     0.0000000000e+00     0.0000000000e+00     0.0000000000e+00     3.2258064516e-02     0.0000000000e+00     0.0000000000e+00     0.0000000000e+00     0.0000000000e+00     0.0000000000e+00     0.0000000000e+00 
    0.0000000000e+00     0.0000000000e+00     0.0000000000e+00     9.6774193548e-02     0.0000000000e+00     0.0000000000e+00     0.0000000000e+00     0.0000000000e+00     0.0000000000e+00     0.0000000000e+00     0.0000000000e+00     0.0000000000e+00     0.0000000000e+00     0.0000000000e+00     0.0000000000e+00     0.0000000000e+00 
    0.0000000000e+00     0.0000000000e+00     0.0000000000e+00     0.0000000000e+00     0.0000000000e+00     0.0000000000e+00     0.0000000000e+00     0.0000000000e+00     2.6562500000e-01     0.0000000000e+00     0.0000000000e+00     0.0000000000e+00     0.0000000000e+00     0.0000000000e+00     0.0000000000e+00     0.0000000000e+00 
    0.0000000000e+00     0.0000000000e+00     0.0000000000e+00     0.0000000000e+00     0.0000000000e+00     0.0000000000e+00     0.0000000000e+00     0.0000000000e+00     0.0000000000e+00     0.0000000000e+00     0.0000000000e+00     0.0000000000e+00     0.0000000000e+00     1.3957676722e-02     0.0000000000e+00     0.0000000000e+00 
    0.0000000000e+00     0.0000000000e+00     1.4312001636e-03     1.4312001636e-03     0.0000000000e+00     4.0891433245e-04     4.5420168067e+00     2.0445716622e-03     2.0445716622e-02     0.0000000000e+00     0.0000000000e+00     0.0000000000e+00     0.0000000000e+00     2.6579431609e-03     1.4312001636e-03     2.5210084034e-01 
    0.0000000000e+00     0.0000000000e+00     1.0464996979e-02     2.8271451534e-02     9.4618164408e-04     1.1855769998e-03     5.7052473182e-01     1.9379624035e-04     5.5858916337e-03     9.6898120176e-04     0.0000000000e+00     0.0000000000e+00     0.0000000000e+00     2.9639424995e-04     7.0678628835e-04     1.4557517584e-02 
    0.0000000000e+00     0.0000000000e+00     0.0000000000e+00     0.0000000000e+00     0.0000000000e+00     3.4951456311e-01     0.0000000000e+00     0.0000000000e+00     0.0000000000e+00     3.3980582524e-02     0.0000000000e+00     0.0000000000e+00     0.0000000000e+00     0.0000000000e+00     0.0000000000e+00     4.8543689320e-03 
    0.0000000000e+00     0.0000000000e+00     0.0000000000e+00     0.0000000000e+00     0.0000000000e+00     0.0000000000e+00     6.1111111111e-01     0.0000000000e+00     0.0000000000e+00     0.0000000000e+00     0.0000000000e+00     0.0000000000e+00     0.0000000000e+00     0.0000000000e+00     0.0000000000e+00     0.0000000000e+00 
    0.0000000000e+00     0.0000000000e+00     0.0000000000e+00     0.0000000000e+00     0.0000000000e+00     0.0000000000e+00     0.0000000000e+00     0.0000000000e+00     0.0000000000e+00     1.7525773196e-02     0.0000000000e+00     0.0000000000e+00     0.0000000000e+00     0.0000000000e+00     0.0000000000e+00     2.0618556701e-03 
    0.0000000000e+00     0.0000000000e+00     0.0000000000e+00     3.6945812808e-03     1.2315270936e-03     0.0000000000e+00     3.0788177340e-02     0.0000000000e+00     1.6071428571e-01     2.4630541872e-03     3.0788177340e-03     0.0000000000e+00     0.0000000000e+00     1.2315270936e-03     0.0000000000e+00     0.0000000000e+00 
    0.0000000000e+00     0.0000000000e+00     0.0000000000e+00     1.4157445699e-03     0.0000000000e+00     1.1959315972e-02     0.0000000000e+00     0.0000000000e+00     0.0000000000e+00     3.9242204091e-01     0.0000000000e+00     0.0000000000e+00     0.0000000000e+00     7.3270990897e-04     0.0000000000e+00     9.1899208922e-04 
    0.0000000000e+00     0.0000000000e+00     0.0000000000e+00     0.0000000000e+00     0.0000000000e+00     0.0000000000e+00     0.0000000000e+00     0.0000000000e+00     0.0000000000e+00     0.0000000000e+00     0.0000000000e+00     0.0000000000e+00     0.0000000000e+00     0.0000000000e+00     3.3333333333e-01     0.0000000000e+00 
    0.0000000000e+00     0.0000000000e+00     0.0000000000e+00     7.6696603083e-04     0.0000000000e+00     0.0000000000e+00     0.0000000000e+00     0.0000000000e+00     9.4015190876e-03     0.0000000000e+00     0.0000000000e+00     0.0000000000e+00     2.2761572528e-03     0.0000000000e+00     0.0000000000e+00     0.0000000000e+00 
    0.0000000000e+00     0.0000000000e+00     0.0000000000e+00     0.0000000000e+00     0.0000000000e+00     0.0000000000e+00     0.0000000000e+00     0.0000000000e+00     0.0000000000e+00     2.7649769585e-02     0.0000000000e+00     0.0000000000e+00     0.0000000000e+00     0.0000000000e+00     0.0000000000e+00     0.0000000000e+00 
    3.9525691700e-03     0.0000000000e+00     0.0000000000e+00     3.9525691700e-03     0.0000000000e+00     0.0000000000e+00     0.0000000000e+00     0.0000000000e+00     0.0000000000e+00     0.0000000000e+00     0.0000000000e+00     0.0000000000e+00     2.3715415020e-02     0.0000000000e+00     0.0000000000e+00     0.0000000000e+00 
    0.0000000000e+00     0.0000000000e+00     0.0000000000e+00     0.0000000000e+00     0.0000000000e+00     0.0000000000e+00     0.0000000000e+00     0.0000000000e+00     0.0000000000e+00     0.0000000000e+00     0.0000000000e+00     0.0000000000e+00     0.0000000000e+00     1.0362694301e-02     0.0000000000e+00     0.0000000000e+00 
    0.0000000000e+00     0.0000000000e+00     0.0000000000e+00     6.7114093960e-03     0.0000000000e+00     0.0000000000e+00     3.3557046980e-01     0.0000000000e+00     6.7114093960e-03     0.0000000000e+00     0.0000000000e+00     0.0000000000e+00     0.0000000000e+00     6.3758389262e-02     0.0000000000e+00     0.0000000000e+00 
    0.0000000000e+00     0.0000000000e+00     0.0000000000e+00     4.4506258693e-04     0.0000000000e+00     0.0000000000e+00     0.0000000000e+00     0.0000000000e+00     0.0000000000e+00     2.7260083449e-03     0.0000000000e+00     0.0000000000e+00     2.1863699583e-02     0.0000000000e+00     0.0000000000e+00     0.0000000000e+00 
    0.0000000000e+00     0.0000000000e+00     6.0790273556e-03     5.1291793313e-01     0.0000000000e+00     0.0000000000e+00     7.5987841945e-04     0.0000000000e+00     0.0000000000e+00     7.8267477204e-02     0.0000000000e+00     0.0000000000e+00     0.0000000000e+00     0.0000000000e+00     0.0000000000e+00     8.0927051672e-02 
    0.0000000000e+00     0.0000000000e+00     0.0000000000e+00     0.0000000000e+00     0.0000000000e+00     9.0909090909e-02     0.0000000000e+00     0.0000000000e+00     0.0000000000e+00     0.0000000000e+00     0.0000000000e+00     0.0000000000e+00     0.0000000000e+00     0.0000000000e+00     0.0000000000e+00     0.0000000000e+00 
    0.0000000000e+00     0.0000000000e+00     4.7801147228e-04     2.5812619503e-02     2.8680688337e-03     0.0000000000e+00     1.0707456979e-01     0.0000000000e+00     1.2189292543e-02     9.5602294455e-04     0.0000000000e+00     0.0000000000e+00     0.0000000000e+00     9.7514340344e-02     0.0000000000e+00     1.9359464627e-02 
    0.0000000000e+00     0.0000000000e+00     0.0000000000e+00     0.0000000000e+00     0.0000000000e+00     0.0000000000e+00     0.0000000000e+00     0.0000000000e+00     0.0000000000e+00     0.0000000000e+00     0.0000000000e+00     0.0000000000e+00     5.9382422803e-04     0.0000000000e+00     0.0000000000e+00     0.0000000000e+00 
    0.0000000000e+00     0.0000000000e+00     0.0000000000e+00     6.1349693252e-03     0.0000000000e+00     6.1349693252e-03     0.0000000000e+00     0.0000000000e+00     0.0000000000e+00     1.2269938650e-02     0.0000000000e+00     0.0000000000e+00     0.0000000000e+00     1.2269938650e-02     4.2944785276e-02     0.0000000000e+00 
    0.0000000000e+00     0.0000000000e+00     0.0000000000e+00     0.0000000000e+00     0.0000000000e+00     0.0000000000e+00     0.0000000000e+00     0.0000000000e+00     0.0000000000e+00     0.0000000000e+00     0.0000000000e+00     0.0000000000e+00     3.6900369004e-03     0.0000000000e+00     0.0000000000e+00     0.0000000000e+00 
    0.0000000000e+00     0.0000000000e+00     0.0000000000e+00     0.0000000000e+00     0.0000000000e+00     0.0000000000e+00     0.0000000000e+00     0.0000000000e+00     0.0000000000e+00     0.0000000000e+00     0.0000000000e+00     0.0000000000e+00     1.1363636364e-02     0.0000000000e+00     0.0000000000e+00     0.0000000000e+00 
    0.0000000000e+00     0.0000000000e+00     4.2929292929e-02     4.9242424242e-02     0.0000000000e+00     0.0000000000e+00     0.0000000000e+00     0.0000000000e+00     0.0000000000e+00     1.5151515152e-02     0.0000000000e+00     0.0000000000e+00     0.0000000000e+00     1.2626262626e-03     0.0000000000e+00     0.0000000000e+00 
    0.0000000000e+00     0.0000000000e+00     0.0000000000e+00     0.0000000000e+00     0.0000000000e+00     0.0000000000e+00     0.0000000000e+00     0.0000000000e+00     0.0000000000e+00     0.0000000000e+00     0.0000000000e+00     0.0000000000e+00     0.0000000000e+00     0.0000000000e+00     6.0000000000e-01     0.0000000000e+00 
    0.0000000000e+00     0.0000000000e+00     0.0000000000e+00     0.0000000000e+00     0.0000000000e+00     0.0000000000e+00     0.0000000000e+00     0.0000000000e+00     0.0000000000e+00     0.0000000000e+00     0.0000000000e+00     0.0000000000e+00     0.0000000000e+00     1.0341261634e-03     0.0000000000e+00     1.0341261634e-03 
    0.0000000000e+00     0.0000000000e+00     0.0000000000e+00     0.0000000000e+00     0.0000000000e+00     0.0000000000e+00     0.0000000000e+00     0.0000000000e+00     0.0000000000e+00     0.0000000000e+00     0.0000000000e+00     0.0000000000e+00     0.0000000000e+00     5.7971014493e-02     0.0000000000e+00     0.0000000000e+00 
    0.0000000000e+00     0.0000000000e+00     0.0000000000e+00     0.0000000000e+00     2.1008403361e-03     0.0000000000e+00     0.0000000000e+00     0.0000000000e+00     0.0000000000e+00     0.0000000000e+00     0.0000000000e+00     0.0000000000e+00     0.0000000000e+00     2.1008403361e-03     6.7016806723e-01     6.3025210084e-02 
    0.0000000000e+00     0.0000000000e+00     0.0000000000e+00     1.1061946903e-03     2.5774336283e-01     0.0000000000e+00     3.3185840708e-03     0.0000000000e+00     0.0000000000e+00     0.0000000000e+00     0.0000000000e+00     0.0000000000e+00     0.0000000000e+00     0.0000000000e+00     7.7433628319e-03     7.8539823009e-02 
    0.0000000000e+00     0.0000000000e+00     0.0000000000e+00     0.0000000000e+00     0.0000000000e+00     0.0000000000e+00     5.8162855997e-04     0.0000000000e+00     0.0000000000e+00     2.4602219548e-04     0.0000000000e+00     0.0000000000e+00     0.0000000000e+00     1.3771894638e-04     0.0000000000e+00     1.6927396711e-03 
    0.0000000000e+00     0.0000000000e+00     0.0000000000e+00     0.0000000000e+00     0.0000000000e+00     0.0000000000e+00     1.1481056257e-03     0.0000000000e+00     0.0000000000e+00     1.1481056257e-03     0.0000000000e+00     0.0000000000e+00     0.0000000000e+00     0.0000000000e+00     0.0000000000e+00     3.4443168772e-03 
    0.0000000000e+00     0.0000000000e+00     6.9165859732e-04     1.4939825702e-02     3.0432978282e-03     1.3833171946e-03     1.5216489141e-03     0.0000000000e+00     2.7666343893e-04     8.2999031678e-03     0.0000000000e+00     0.0000000000e+00     0.0000000000e+00     0.0000000000e+00     2.7666343893e-04     1.2449854752e-03 
    0.0000000000e+00     0.0000000000e+00     0.0000000000e+00     0.0000000000e+00     0.0000000000e+00     2.2175086772e-03     0.0000000000e+00     0.0000000000e+00     0.0000000000e+00     0.0000000000e+00     0.0000000000e+00     0.0000000000e+00     3.8565368299e-04     0.0000000000e+00     0.0000000000e+00     0.0000000000e+00 
    0.0000000000e+00     0.0000000000e+00     0.0000000000e+00     0.0000000000e+00     0.0000000000e+00     0.0000000000e+00     0.0000000000e+00     0.0000000000e+00     0.0000000000e+00     7.6923076923e-02     0.0000000000e+00     0.0000000000e+00     0.0000000000e+00     0.0000000000e+00     0.0000000000e+00     0.0000000000e+00 
    0.0000000000e+00     0.0000000000e+00     0.0000000000e+00     0.0000000000e+00     1.8691588785e-02     0.0000000000e+00     6.5420560748e-02     0.0000000000e+00     7.4766355140e-02     0.0000000000e+00     0.0000000000e+00     0.0000000000e+00     0.0000000000e+00     0.0000000000e+00     0.0000000000e+00     0.0000000000e+00 
    0.0000000000e+00     0.0000000000e+00     0.0000000000e+00     0.0000000000e+00     0.0000000000e+00     0.0000000000e+00     0.0000000000e+00     0.0000000000e+00     0.0000000000e+00     0.0000000000e+00     0.0000000000e+00     0.0000000000e+00     1.1764705882e-01     0.0000000000e+00     0.0000000000e+00     0.0000000000e+00 
    0.0000000000e+00     0.0000000000e+00     0.0000000000e+00     0.0000000000e+00     0.0000000000e+00     3.0303030303e-02     3.0303030303e-02     0.0000000000e+00     0.0000000000e+00     0.0000000000e+00     0.0000000000e+00     0.0000000000e+00     0.0000000000e+00     0.0000000000e+00     0.0000000000e+00     0.0000000000e+00 
    0.0000000000e+00     0.0000000000e+00     0.0000000000e+00     0.0000000000e+00     0.0000000000e+00     0.0000000000e+00     1.8518518519e-02     0.0000000000e+00     0.0000000000e+00     0.0000000000e+00     0.0000000000e+00     0.0000000000e+00     0.0000000000e+00     0.0000000000e+00     0.0000000000e+00     0.0000000000e+00 
    0.0000000000e+00     0.0000000000e+00     0.0000000000e+00     0.0000000000e+00     0.0000000000e+00     9.3720712277e-03     1.8744142455e-03     0.0000000000e+00     4.4985941893e-02     0.0000000000e+00     0.0000000000e+00     0.0000000000e+00     9.3720712277e-04     0.0000000000e+00     0.0000000000e+00     0.0000000000e+00 
    0.0000000000e+00     0.0000000000e+00     0.0000000000e+00     0.0000000000e+00     0.0000000000e+00     0.0000000000e+00     1.4159292035e-01     0.0000000000e+00     0.0000000000e+00     0.0000000000e+00     0.0000000000e+00     0.0000000000e+00     0.0000000000e+00     0.0000000000e+00     0.0000000000e+00     0.0000000000e+00 
    0.0000000000e+00     0.0000000000e+00     0.0000000000e+00     6.1601642710e-03     0.0000000000e+00     0.0000000000e+00     8.2135523614e-02     0.0000000000e+00     2.0533880903e-03     0.0000000000e+00     0.0000000000e+00     0.0000000000e+00     0.0000000000e+00     2.0533880903e-03     2.0533880903e-03     4.1067761807e-03 
    7.2289156627e-02     0.0000000000e+00     0.0000000000e+00     0.0000000000e+00     0.0000000000e+00     0.0000000000e+00     0.0000000000e+00     0.0000000000e+00     0.0000000000e+00     0.0000000000e+00     0.0000000000e+00     0.0000000000e+00     0.0000000000e+00     0.0000000000e+00     0.0000000000e+00     0.0000000000e+00 
    0.0000000000e+00     0.0000000000e+00     0.0000000000e+00     0.0000000000e+00     3.2154340836e-03     0.0000000000e+00     0.0000000000e+00     0.0000000000e+00     0.0000000000e+00     0.0000000000e+00     0.0000000000e+00     0.0000000000e+00     0.0000000000e+00     0.0000000000e+00     0.0000000000e+00     3.4726688103e-01 
    0.0000000000e+00     0.0000000000e+00     0.0000000000e+00     0.0000000000e+00     0.0000000000e+00     0.0000000000e+00     0.0000000000e+00     0.0000000000e+00     1.3181818182e-01     0.0000000000e+00     0.0000000000e+00     0.0000000000e+00     0.0000000000e+00     4.5454545455e-03     0.0000000000e+00     0.0000000000e+00 
    0.0000000000e+00     0.0000000000e+00     0.0000000000e+00     0.0000000000e+00     0.0000000000e+00     0.0000000000e+00     1.3114754098e-02     0.0000000000e+00     7.9344262295e-01     0.0000000000e+00     0.0000000000e+00     0.0000000000e+00     0.0000000000e+00     9.8360655738e-03     0.0000000000e+00     0.0000000000e+00 
    0.0000000000e+00     0.0000000000e+00     0.0000000000e+00     0.0000000000e+00     0.0000000000e+00     1.4857142857e-02     0.0000000000e+00     0.0000000000e+00     1.7142857143e-03     0.0000000000e+00     0.0000000000e+00     0.0000000000e+00     4.5885714286e-01     0.0000000000e+00     0.0000000000e+00     0.0000000000e+00 
    0.0000000000e+00     0.0000000000e+00     0.0000000000e+00     0.0000000000e+00     0.0000000000e+00     0.0000000000e+00     0.0000000000e+00     0.0000000000e+00     6.6666666667e-01     0.0000000000e+00     0.0000000000e+00     0.0000000000e+00     0.0000000000e+00     0.0000000000e+00     0.0000000000e+00     0.0000000000e+00 
    0.0000000000e+00     0.0000000000e+00     0.0000000000e+00     0.0000000000e+00     5.9523809524e-02     0.0000000000e+00     1.0119047619e-01     0.0000000000e+00     0.0000000000e+00     0.0000000000e+00     0.0000000000e+00     0.0000000000e+00     0.0000000000e+00     0.0000000000e+00     1.4880952381e-01     8.9285714286e-02 
    0.0000000000e+00     0.0000000000e+00     0.0000000000e+00     0.0000000000e+00     0.0000000000e+00     0.0000000000e+00     0.0000000000e+00     0.0000000000e+00     0.0000000000e+00     7.5187969925e-04     0.0000000000e+00     5.0125313283e-04     0.0000000000e+00     0.0000000000e+00     0.0000000000e+00     0.0000000000e+00 
    0.0000000000e+00     0.0000000000e+00     0.0000000000e+00     0.0000000000e+00     0.0000000000e+00     0.0000000000e+00     0.0000000000e+00     0.0000000000e+00     0.0000000000e+00     1.9930244145e-03     0.0000000000e+00     0.0000000000e+00     0.0000000000e+00     0.0000000000e+00     0.0000000000e+00     0.0000000000e+00 
    0.0000000000e+00     0.0000000000e+00     0.0000000000e+00     0.0000000000e+00     5.1470588235e-01     0.0000000000e+00     3.6764705882e-03     0.0000000000e+00     0.0000000000e+00     0.0000000000e+00     0.0000000000e+00     0.0000000000e+00     0.0000000000e+00     0.0000000000e+00     0.0000000000e+00     0.0000000000e+00 
    0.0000000000e+00     0.0000000000e+00     0.0000000000e+00     0.0000000000e+00     0.0000000000e+00     0.0000000000e+00     1.8181818182e-01     0.0000000000e+00     0.0000000000e+00     0.0000000000e+00     0.0000000000e+00     0.0000000000e+00     0.0000000000e+00     0.0000000000e+00     0.0000000000e+00     0.0000000000e+00 
    0.0000000000e+00     0.0000000000e+00     0.0000000000e+00     0.0000000000e+00     0.0000000000e+00     0.0000000000e+00     0.0000000000e+00     0.0000000000e+00     0.0000000000e+00     0.0000000000e+00     0.0000000000e+00     0.0000000000e+00     0.0000000000e+00     1.8518518519e-02     0.0000000000e+00     0.0000000000e+00 
    0.0000000000e+00     0.0000000000e+00     0.0000000000e+00     4.0443258109e-04     0.0000000000e+00     0.0000000000e+00     3.6398932298e-04     0.0000000000e+00     0.0000000000e+00     2.0221629054e-04     0.0000000000e+00     0.0000000000e+00     5.2576235542e-04     3.5662650602e+01     2.4265954865e-04     1.0110814527e-03 
    0.0000000000e+00     0.0000000000e+00     2.8653295129e-03     2.8653295129e-03     0.0000000000e+00     0.0000000000e+00     0.0000000000e+00     0.0000000000e+00     0.0000000000e+00     9.4555873926e-02     0.0000000000e+00     0.0000000000e+00     2.8653295129e-02     0.0000000000e+00     0.0000000000e+00     0.0000000000e+00 
    0.0000000000e+00     0.0000000000e+00     0.0000000000e+00     3.5290874001e-04     0.0000000000e+00     2.6468155500e-04     0.0000000000e+00     0.0000000000e+00     0.0000000000e+00     6.5070857458e-01     0.0000000000e+00     0.0000000000e+00     0.0000000000e+00     6.6170388751e-04     0.0000000000e+00     0.0000000000e+00 
    0.0000000000e+00     0.0000000000e+00     0.0000000000e+00     1.3502565487e-03     3.0299756954e-01     0.0000000000e+00     3.7807183365e-03     0.0000000000e+00     0.0000000000e+00     0.0000000000e+00     0.0000000000e+00     0.0000000000e+00     0.0000000000e+00     0.0000000000e+00     1.1612206319e-02     8.8306778288e-02 
    0.0000000000e+00     0.0000000000e+00     0.0000000000e+00     8.5397096499e-04     0.0000000000e+00     0.0000000000e+00     8.5397096499e-04     0.0000000000e+00     0.0000000000e+00     0.0000000000e+00     0.0000000000e+00     0.0000000000e+00     0.0000000000e+00     1.9769427839e-01     0.0000000000e+00     1.2809564475e-03 
    0.0000000000e+00     0.0000000000e+00     0.0000000000e+00     0.0000000000e+00     0.0000000000e+00     0.0000000000e+00     0.0000000000e+00     0.0000000000e+00     3.0065359477e-01     6.5359477124e-03     0.0000000000e+00     0.0000000000e+00     6.5359477124e-03     0.0000000000e+00     0.0000000000e+00     0.0000000000e+00 
    0.0000000000e+00     0.0000000000e+00     0.0000000000e+00     0.0000000000e+00     0.0000000000e+00     0.0000000000e+00     0.0000000000e+00     0.0000000000e+00     0.0000000000e+00     0.0000000000e+00     0.0000000000e+00     0.0000000000e+00     0.0000000000e+00     1.6666666667e-01     0.0000000000e+00     0.0000000000e+00 
    0.0000000000e+00     0.0000000000e+00     0.0000000000e+00     0.0000000000e+00     5.0000000000e-03     5.0000000000e-03     2.5000000000e-03     0.0000000000e+00     1.6750000000e-01     0.0000000000e+00     0.0000000000e+00     0.0000000000e+00     0.0000000000e+00     2.5000000000e-03     0.0000000000e+00     0.0000000000e+00 
    0.0000000000e+00     0.0000000000e+00     0.0000000000e+00     1.5345268542e-03     0.0000000000e+00     5.1150895141e-04     0.0000000000e+00     0.0000000000e+00     0.0000000000e+00     2.4552429668e-02     0.0000000000e+00     0.0000000000e+00     0.0000000000e+00     0.0000000000e+00     0.0000000000e+00     7.6726342711e-03 
    0.0000000000e+00     0.0000000000e+00     0.0000000000e+00     0.0000000000e+00     0.0000000000e+00     0.0000000000e+00     0.0000000000e+00     0.0000000000e+00     0.0000000000e+00     0.0000000000e+00     0.0000000000e+00     0.0000000000e+00     0.0000000000e+00     4.0983606557e-01     0.0000000000e+00     0.0000000000e+00 
    0.0000000000e+00     0.0000000000e+00     1.2217078189e-02     4.6784979424e-01     0.0000000000e+00     6.8587105624e-04     4.2866941015e-04     0.0000000000e+00     0.0000000000e+00     3.2150205761e-03     0.0000000000e+00     0.0000000000e+00     0.0000000000e+00     0.0000000000e+00     0.0000000000e+00     0.0000000000e+00 
    0.0000000000e+00     0.0000000000e+00     0.0000000000e+00     0.0000000000e+00     0.0000000000e+00     0.0000000000e+00     0.0000000000e+00     0.0000000000e+00     0.0000000000e+00     6.4917395530e-03     0.0000000000e+00     2.9193391642e-02     5.5821185617e-02     0.0000000000e+00     0.0000000000e+00     0.0000000000e+00 
    0.0000000000e+00     0.0000000000e+00     0.0000000000e+00     0.0000000000e+00     1.1224489796e-01     0.0000000000e+00     0.0000000000e+00     0.0000000000e+00     0.0000000000e+00     0.0000000000e+00     0.0000000000e+00     0.0000000000e+00     0.0000000000e+00     0.0000000000e+00     0.0000000000e+00     0.0000000000e+00 
    0.0000000000e+00     0.0000000000e+00     0.0000000000e+00     6.0222824450e-04     4.5167118338e-04     6.0222824450e-04     0.0000000000e+00     0.0000000000e+00     0.0000000000e+00     7.2267389341e-03     0.0000000000e+00     7.5278530563e-04     2.9509183981e-02     0.0000000000e+00     0.0000000000e+00     0.0000000000e+00 
    0.0000000000e+00     0.0000000000e+00     0.0000000000e+00     0.0000000000e+00     0.0000000000e+00     0.0000000000e+00     0.0000000000e+00     0.0000000000e+00     0.0000000000e+00     0.0000000000e+00     0.0000000000e+00     0.0000000000e+00     1.5889070147e-01     0.0000000000e+00     0.0000000000e+00     0.0000000000e+00 
    0.0000000000e+00     0.0000000000e+00     0.0000000000e+00     0.0000000000e+00     9.0579710145e-04     1.7210144928e-02     0.0000000000e+00     0.0000000000e+00     0.0000000000e+00     9.0579710145e-04     0.0000000000e+00     0.0000000000e+00     0.0000000000e+00     0.0000000000e+00     0.0000000000e+00     0.0000000000e+00 
    3.1065548307e-04     0.0000000000e+00     0.0000000000e+00     2.1745883815e-03     2.0710365538e-04     0.0000000000e+00     0.0000000000e+00     0.0000000000e+00     0.0000000000e+00     2.0710365538e-04     0.0000000000e+00     0.0000000000e+00     2.0710365538e-04     0.0000000000e+00     0.0000000000e+00     0.0000000000e+00 
    0.0000000000e+00     0.0000000000e+00     0.0000000000e+00     2.0124773596e-04     0.0000000000e+00     0.0000000000e+00     0.0000000000e+00     0.0000000000e+00     0.0000000000e+00     1.5428993090e-03     0.0000000000e+00     0.0000000000e+00     0.0000000000e+00     0.0000000000e+00     0.0000000000e+00     0.0000000000e+00 
    0.0000000000e+00     0.0000000000e+00     0.0000000000e+00     5.4644808743e-03     0.0000000000e+00     0.0000000000e+00     0.0000000000e+00     0.0000000000e+00     0.0000000000e+00     5.9884721910e-03     0.0000000000e+00     0.0000000000e+00     0.0000000000e+00     0.0000000000e+00     0.0000000000e+00     0.0000000000e+00 
    0.0000000000e+00     0.0000000000e+00     0.0000000000e+00     7.1428571429e-02     0.0000000000e+00     0.0000000000e+00     0.0000000000e+00     0.0000000000e+00     0.0000000000e+00     0.0000000000e+00     0.0000000000e+00     0.0000000000e+00     0.0000000000e+00     0.0000000000e+00     0.0000000000e+00     0.0000000000e+00 
    0.0000000000e+00     0.0000000000e+00     0.0000000000e+00     0.0000000000e+00     0.0000000000e+00     4.7761194030e-01     0.0000000000e+00     0.0000000000e+00     0.0000000000e+00     0.0000000000e+00     0.0000000000e+00     0.0000000000e+00     0.0000000000e+00     2.9850746269e-02     0.0000000000e+00     0.0000000000e+00 
    0.0000000000e+00     0.0000000000e+00     0.0000000000e+00     0.0000000000e+00     0.0000000000e+00     9.4786729858e-03     0.0000000000e+00     0.0000000000e+00     0.0000000000e+00     1.1848341232e-03     0.0000000000e+00     0.0000000000e+00     0.0000000000e+00     1.7061611374e-01     0.0000000000e+00     0.0000000000e+00 
    0.0000000000e+00     0.0000000000e+00     0.0000000000e+00     0.0000000000e+00     0.0000000000e+00     0.0000000000e+00     0.0000000000e+00     0.0000000000e+00     1.8461538462e-03     1.2307692308e-03     0.0000000000e+00     0.0000000000e+00     0.0000000000e+00     6.9661538462e-01     0.0000000000e+00     3.0769230769e-03 
    0.0000000000e+00     0.0000000000e+00     0.0000000000e+00     0.0000000000e+00     0.0000000000e+00     7.9787234043e-03     0.0000000000e+00     0.0000000000e+00     0.0000000000e+00     0.0000000000e+00     0.0000000000e+00     0.0000000000e+00     0.0000000000e+00     0.0000000000e+00     0.0000000000e+00     8.8652482270e-04 
    0.0000000000e+00     0.0000000000e+00     0.0000000000e+00     9.4551471457e-04     0.0000000000e+00     2.3637867864e-04     0.0000000000e+00     0.0000000000e+00     0.0000000000e+00     2.7183548044e-03     0.0000000000e+00     0.0000000000e+00     0.0000000000e+00     8.2732537525e-04     0.0000000000e+00     0.0000000000e+00 
    0.0000000000e+00     0.0000000000e+00     1.1009670160e-04     1.4079032750e-03     2.0751560120e-03     7.3397801069e-04     4.7491713555e-03     0.0000000000e+00     0.0000000000e+00     2.3453933705e-03     0.0000000000e+00     0.0000000000e+00     0.0000000000e+00     2.3020219426e-04     2.2853406242e-04     4.3137889446e-03 
    4.8076923077e-04     0.0000000000e+00     6.4102564103e-04     3.4134615385e-02     1.1217948718e-03     4.1506410256e-02     3.5256410256e-03     0.0000000000e+00     0.0000000000e+00     2.2195512821e-02     0.0000000000e+00     0.0000000000e+00     0.0000000000e+00     1.9038461538e-01     2.4038461538e-04     6.8108974359e-02 
    0.0000000000e+00     0.0000000000e+00     0.0000000000e+00     0.0000000000e+00     0.0000000000e+00     0.0000000000e+00     0.0000000000e+00     0.0000000000e+00     0.0000000000e+00     0.0000000000e+00     0.0000000000e+00     0.0000000000e+00     0.0000000000e+00     1.3043478261e-01     0.0000000000e+00     0.0000000000e+00 
    0.0000000000e+00     2.4284943335e-03     3.6994063681e-01     1.9657312466e-01     0.0000000000e+00     5.3966540745e-04     1.6189962223e-03     0.0000000000e+00     0.0000000000e+00     5.3966540745e-04     0.0000000000e+00     0.0000000000e+00     0.0000000000e+00     0.0000000000e+00     0.0000000000e+00     1.3491635186e-03 
    0.0000000000e+00     0.0000000000e+00     0.0000000000e+00     0.0000000000e+00     0.0000000000e+00     0.0000000000e+00     0.0000000000e+00     0.0000000000e+00     0.0000000000e+00     0.0000000000e+00     0.0000000000e+00     0.0000000000e+00     0.0000000000e+00     8.1366965012e-04     1.6273393002e-03     0.0000000000e+00 
    0.0000000000e+00     0.0000000000e+00     1.7283950617e-02     1.0123456790e-01     9.8765432099e-03     0.0000000000e+00     0.0000000000e+00     0.0000000000e+00     0.0000000000e+00     0.0000000000e+00     0.0000000000e+00     0.0000000000e+00     0.0000000000e+00     2.4691358025e-03     2.4691358025e-03     1.1851851852e-01 
    0.0000000000e+00     0.0000000000e+00     0.0000000000e+00     0.0000000000e+00     0.0000000000e+00     5.3763440860e-03     0.0000000000e+00     0.0000000000e+00     1.0752688172e-03     0.0000000000e+00     0.0000000000e+00     0.0000000000e+00     2.0430107527e-01     1.0752688172e-03     1.6129032258e-03     0.0000000000e+00 
    0.0000000000e+00     0.0000000000e+00     0.0000000000e+00     1.9517635578e-03     4.7913007110e-01     1.0037641154e-03     1.5056461731e-03     0.0000000000e+00     1.3941168270e-04     7.7234072215e-03     0.0000000000e+00     0.0000000000e+00     0.0000000000e+00     0.0000000000e+00     5.3534086156e-03     2.3588456713e-02 
    0.0000000000e+00     0.0000000000e+00     1.1404714628e-02     4.8088182883e-01     0.0000000000e+00     6.1096685505e-04     8.1462247340e-04     0.0000000000e+00     0.0000000000e+00     3.8694567486e-03     0.0000000000e+00     0.0000000000e+00     0.0000000000e+00     0.0000000000e+00     0.0000000000e+00     5.0913904587e-04 
    0.0000000000e+00     0.0000000000e+00     0.0000000000e+00     5.8495821727e-02     0.0000000000e+00     0.0000000000e+00     0.0000000000e+00     0.0000000000e+00     0.0000000000e+00     5.5710306407e-03     0.0000000000e+00     0.0000000000e+00     0.0000000000e+00     0.0000000000e+00     0.0000000000e+00     0.0000000000e+00 
    0.0000000000e+00     0.0000000000e+00     0.0000000000e+00     2.9828189628e-04     6.4926026090e-03     2.0879732739e-04     1.8891186764e-04     1.1434139357e-03     0.0000000000e+00     4.6233693923e-03     0.0000000000e+00     2.0084314349e-03     0.0000000000e+00     0.0000000000e+00     2.8833916640e-04     1.0537305122e-01 
    0.0000000000e+00     0.0000000000e+00     0.0000000000e+00     0.0000000000e+00     0.0000000000e+00     7.8125000000e-03     0.0000000000e+00     0.0000000000e+00     0.0000000000e+00     0.0000000000e+00     0.0000000000e+00     0.0000000000e+00     0.0000000000e+00     0.0000000000e+00     0.0000000000e+00     0.0000000000e+00 
    0.0000000000e+00     0.0000000000e+00     0.0000000000e+00     0.0000000000e+00     4.7619047619e-02     0.0000000000e+00     0.0000000000e+00     0.0000000000e+00     0.0000000000e+00     0.0000000000e+00     0.0000000000e+00     0.0000000000e+00     0.0000000000e+00     0.0000000000e+00     0.0000000000e+00     0.0000000000e+00 
    0.0000000000e+00     0.0000000000e+00     9.9601593625e-04     0.0000000000e+00     0.0000000000e+00     0.0000000000e+00     4.9800796813e-03     3.5866666667e+01     0.0000000000e+00     0.0000000000e+00     0.0000000000e+00     0.0000000000e+00     0.0000000000e+00     9.9601593625e-04     0.0000000000e+00     2.9880478088e-03 
    0.0000000000e+00     0.0000000000e+00     5.2083333333e-03     4.1666666667e-02     5.7291666667e-02     0.0000000000e+00     1.0416666667e-02     0.0000000000e+00     0.0000000000e+00     0.0000000000e+00     0.0000000000e+00     0.0000000000e+00     0.0000000000e+00     0.0000000000e+00     0.0000000000e+00     2.0833333333e-02 
    0.0000000000e+00     0.0000000000e+00     5.8866813834e-03     1.5011037528e-01     0.0000000000e+00     0.0000000000e+00     0.0000000000e+00     0.0000000000e+00     0.0000000000e+00     1.4716703458e-03     0.0000000000e+00     0.0000000000e+00     0.0000000000e+00     0.0000000000e+00     0.0000000000e+00     0.0000000000e+00 
    0.0000000000e+00     0.0000000000e+00     1.5847860539e-03     8.5578446910e-02     0.0000000000e+00     1.5847860539e-03     0.0000000000e+00     0.0000000000e+00     0.0000000000e+00     1.5847860539e-03     0.0000000000e+00     0.0000000000e+00     0.0000000000e+00     0.0000000000e+00     0.0000000000e+00     0.0000000000e+00 
    0.0000000000e+00     0.0000000000e+00     0.0000000000e+00     3.5294117647e-02     0.0000000000e+00     0.0000000000e+00     0.0000000000e+00     0.0000000000e+00     0.0000000000e+00     0.0000000000e+00     0.0000000000e+00     0.0000000000e+00     0.0000000000e+00     0.0000000000e+00     0.0000000000e+00     2.3529411765e-03 
    2.2706630336e-04     0.0000000000e+00     1.5099909173e-02     2.8769300636e-01     1.0785649410e-02     2.2706630336e-04     3.7465940054e-03     0.0000000000e+00     0.0000000000e+00     1.1580381471e-02     0.0000000000e+00     0.0000000000e+00     0.0000000000e+00     1.8165304269e-03     2.9518619437e-03     2.0742506812e-01 
    0.0000000000e+00     0.0000000000e+00     0.0000000000e+00     0.0000000000e+00     0.0000000000e+00     1.2500000000e-01     0.0000000000e+00     0.0000000000e+00     0.0000000000e+00     0.0000000000e+00     0.0000000000e+00     0.0000000000e+00     0.0000000000e+00     0.0000000000e+00     0.0000000000e+00     0.0000000000e+00 
    0.0000000000e+00     0.0000000000e+00     0.0000000000e+00     0.0000000000e+00     0.0000000000e+00     0.0000000000e+00     0.0000000000e+00     0.0000000000e+00     0.0000000000e+00     5.2681306725e-03     0.0000000000e+00     0.0000000000e+00     0.0000000000e+00     0.0000000000e+00     0.0000000000e+00     2.2904915968e-04 
    0.0000000000e+00     0.0000000000e+00     0.0000000000e+00     0.0000000000e+00     0.0000000000e+00     0.0000000000e+00     0.0000000000e+00     0.0000000000e+00     0.0000000000e+00     0.0000000000e+00     0.0000000000e+00     0.0000000000e+00     0.0000000000e+00     0.0000000000e+00     1.2987012987e-02     0.0000000000e+00 
