0 15
1 15
2 16
3 6
4 14
4 16
4 17
5 5
5 13
6 15
7 15
8 5
9 9
10 9
11 9
11 19
12 20
13 14
14 15
14 20
15 20
16 15
17 15
18 11
18 13
19 18
20 18
21 18
22 18
23 13
24 20
25 15
26 15
27 15
28 18
29 18
30 7
31 20
32 9
33 9
34 16
34 20
35 12
35 14
35 23
36 4
37 16
38 4
39 20
39 21
40 20
41 12
41 13
42 19
43 5
44 1
45 3
45 11
46 12
47 21
48 5
48 13
49 21
50 5
50 12
50 14
51 11
52 7
52 16
53 13
54 5
54 12
55 5
55 12
55 23
56 4
56 23
57 9
58 5
58 15
59 22
60 13
61 13
62 13
63 8
64 8
65 20
66 22
67 4
68 20
69 25
70 22
71 4
71 23
72 17
72 23
73 7
74 10
75 7
75 8
76 7
77 7
78 25
79 8
80 22
81 22
82 5
83 15
84 25
85 17
86 4
87 7
87 17
87 19
88 7
88 16
89 9
90 7
91 7
92 3
93 12
94 7
94 16
95 22
96 15
97 8
97 18
98 13
99 5
99 23
100 1
100 15
100 23
101 1
101 2
101 12
102 17
103 17
104 13
104 23
105 8
105 17
106 4
107 4
108 17
109 17
110 19
111 25
112 7
112 17
113 11
114 4
115 17
116 17
117 7
117 17
118 0
119 0
120 7
121 7
122 20
123 8
123 17
124 10
124 13
125 12
126 20
127 7
128 12
128 13
129 1
129 8
129 13
130 9
131 1
132 16
133 7
133 19
134 25
135 15
136 15
137 17
138 1
139 5
140 10
140 12
141 7
141 16
142 21
142 22
143 5
144 18
145 4
145 17
146 5
147 11
148 16
149 12
149 13
150 1
150 2
150 5
151 5
152 1
153 17
154 4
155 25
156 20
157 25
158 4
158 17
159 17
160 8
160 18
161 22
162 20
163 13
164 25
165 25
166 7
167 7
168 17
169 25
170 14
171 5
172 4
172 5
173 20
174 5
175 8
175 18
176 0
176 7
176 17
177 18
177 20
178 12
178 14
179 0
179 10
180 3
180 4
181 17
181 22
182 2
182 16
183 5
184 7
185 1
185 8
186 20
187 5
187 24
188 20
189 16
189 20
190 17
190 19
191 17
191 22
192 17
193 12
193 14
194 16
195 16
196 14
197 12
197 13
198 12
199 20
200 8
201 6
202 25
203 4
203 12
204 20
205 20
206 12
207 0
207 7
207 17
208 5
209 5
210 17
211 25
212 0
213 0
214 21
215 17
216 5
216 23
217 3
218 3
219 13
219 23
220 5
221 20
222 14
223 25
224 18
225 12
226 16
228 25
231 25
244 15
244 16
244 23
248 6
248 16
248 20
248 21
249 23
250 4
251 16
251 25
252 1
252 4
253 21
253 22
254 13
255 17
256 4
257 1
257 12
257 13
257 18
258 6
259 21
260 25
261 13
262 17
263 17
264 17
265 1
265 8
266 7
267 10
267 12
268 7
